0,0,0,0,0,0,0,0,0,0,0,0,0,0,0,0,0,0,0,0,0,0,0,0,0,0,0,0,0,0,0,0,0,0,0,12,12,12,12,12,12,12,12,12,12,12,12,12,12,12,12,12,12,12,12,12,12,12,12,12,12,12,12,12,12,12,12,12,12,12,12,12,12,12,12,12,12,12,12,12,45,45,45,45,45,45,45,45,45,45,45,45,45,45,45,45,45,45,45,45,45,45,45,45,45,45,45,45,45,45,45,45,45,45,45,45,45,45,45,45,45,45,45,45,45,45,45,45,45,45,45,45,45,45,45,45,45,45,45,45,72,72,72,72,72,72,72,72,72,72,72,72,72,72,72,72,72,72,72,72,72,72,72,72,72,72,72,72,72,72,72,72,72,72,72,72,72,72,72,72,
0,0,0,0,0,0,0,0,0,0,0,0,0,0,0,0,0,0,0,0,0,0,0,0,0,0,0,0,0,0,0,0,0,0,0,12,12,12,12,12,12,12,12,12,12,12,12,12,12,12,12,12,12,12,12,12,12,12,12,12,12,12,12,12,12,12,12,12,12,12,12,12,12,12,12,12,12,12,12,12,45,45,45,45,45,45,45,45,45,45,45,45,45,45,45,45,45,45,45,45,45,45,45,45,45,45,45,45,45,45,45,45,45,45,45,45,45,45,45,45,45,45,45,45,45,45,45,45,45,45,45,45,45,45,45,45,45,45,45,45,72,72,72,72,72,72,72,72,72,72,72,72,72,72,72,72,72,72,72,72,72,72,72,72,72,72,72,72,72,72,72,72,72,72,72,72,72,72,72,72,
0,0,0,0,0,0,0,0,0,0,0,0,0,0,0,0,0,0,0,0,0,0,0,0,0,0,0,0,0,0,0,0,0,0,0,12,12,12,12,12,12,12,12,12,12,12,12,12,12,12,12,12,12,12,12,12,12,12,12,12,12,12,12,12,12,12,12,12,12,12,12,12,12,12,12,12,12,12,12,12,45,45,45,45,45,45,45,45,45,45,45,45,45,45,45,45,45,45,45,45,45,45,45,45,45,45,45,45,45,45,45,45,45,45,45,45,45,45,45,45,45,45,45,45,45,45,45,45,45,45,45,45,45,45,45,45,45,45,45,45,72,72,72,72,72,72,72,72,72,72,72,72,72,72,72,72,72,72,72,72,72,72,72,72,72,72,72,72,72,72,72,72,72,72,72,72,72,72,72,72,
0,0,0,0,0,0,0,0,0,0,0,0,0,0,0,0,0,0,0,0,0,0,0,0,0,0,0,0,0,0,0,0,0,0,9,9,12,12,12,12,12,12,12,12,12,12,12,12,12,12,12,12,12,12,12,12,12,12,12,12,12,12,12,12,12,12,12,12,12,12,12,12,12,12,12,12,12,12,12,27,27,45,45,45,45,45,45,45,45,45,45,45,45,45,45,45,45,45,45,45,45,45,45,45,45,45,45,45,45,45,45,45,45,45,45,45,45,45,45,45,45,45,45,45,45,45,45,45,45,45,45,45,45,45,45,45,45,45,45,54,72,72,72,72,72,72,72,72,72,72,72,72,72,72,72,72,72,72,72,72,72,72,72,72,72,72,72,72,72,72,72,72,72,72,72,72,72,72,72,72,
0,0,0,1,1,1,1,1,1,1,1,1,0,0,9,9,9,9,9,9,9,9,9,9,9,9,9,9,9,9,9,9,9,9,9,9,9,9,9,9,9,9,9,9,9,9,9,12,27,12,12,12,27,27,27,27,27,27,27,27,27,27,27,27,27,27,27,27,27,27,27,27,27,27,27,27,27,27,27,27,27,27,45,45,36,36,36,36,36,36,36,36,36,36,36,36,36,36,36,36,36,36,36,36,36,36,36,36,36,36,36,36,45,45,54,54,54,54,54,54,54,54,54,54,54,54,54,54,54,54,54,54,54,54,54,54,54,54,54,54,54,72,72,63,63,63,63,63,63,63,63,63,63,63,63,63,63,63,63,63,63,63,63,63,63,63,63,63,63,63,63,63,73,72,73,73,72,72,72,72,
0,0,1,1,1,1,1,1,1,1,1,1,1,9,9,9,9,9,9,9,9,9,9,9,9,9,9,9,9,9,9,9,9,9,9,9,9,9,9,9,9,9,9,9,9,9,9,9,12,12,12,27,27,27,27,27,27,27,27,27,27,27,27,27,27,27,27,27,27,27,27,27,27,27,27,27,27,27,27,27,27,27,27,36,36,36,36,36,36,36,36,36,36,36,36,36,36,36,36,36,36,36,36,36,36,36,36,36,36,36,36,36,36,54,54,54,54,54,54,54,54,54,54,54,54,54,54,54,54,54,54,54,54,54,54,54,54,54,54,54,54,54,63,63,63,63,63,63,63,63,63,63,63,63,63,63,63,63,63,63,63,63,63,63,63,63,63,63,63,63,63,63,63,73,73,73,73,72,72,72,
0,0,1,1,1,1,1,1,1,1,1,1,1,9,9,9,9,9,9,9,9,9,9,9,9,9,9,9,9,9,9,9,9,9,9,9,9,9,9,9,9,9,9,9,9,9,9,9,12,12,12,12,27,27,27,27,27,27,27,27,27,27,27,27,27,27,27,27,27,27,27,27,27,27,27,27,27,27,27,27,27,27,27,36,36,36,36,36,36,36,36,36,36,36,36,36,36,36,36,36,36,36,36,36,36,36,36,36,36,36,36,36,36,54,54,54,54,54,54,54,54,54,54,54,54,54,54,54,54,54,54,54,54,54,54,54,54,54,54,54,54,54,63,63,63,63,63,63,63,63,63,63,63,63,63,63,63,63,63,63,63,63,63,63,63,63,63,63,63,63,63,63,63,73,73,73,73,72,72,72,
0,0,1,1,1,1,1,1,1,1,1,1,1,1,9,9,9,9,9,9,9,9,9,9,9,9,9,9,9,9,9,9,9,9,9,9,9,9,9,9,9,9,9,9,9,9,9,12,12,12,12,12,12,27,27,27,27,27,27,27,27,27,27,27,27,27,27,27,27,27,27,27,27,27,27,27,27,27,27,27,27,27,27,36,36,36,36,36,36,36,36,36,36,36,36,36,36,36,36,36,36,36,36,36,36,36,36,36,36,36,36,36,36,54,54,54,54,54,54,54,54,54,54,54,54,54,54,54,54,54,54,54,54,54,54,54,54,54,54,54,54,54,63,63,63,63,63,63,63,63,63,63,63,63,63,63,63,63,63,63,63,63,63,63,63,63,63,63,63,63,63,63,73,73,73,73,73,72,72,72,
0,0,1,1,1,1,1,1,1,1,1,1,1,1,9,9,9,9,9,9,9,9,9,9,9,9,9,9,9,9,9,9,9,9,9,9,9,9,9,9,9,9,9,9,9,9,12,12,12,12,12,12,12,12,27,27,27,27,27,27,27,27,27,27,27,27,27,27,27,27,27,27,27,27,27,27,27,27,27,27,27,27,27,36,36,36,36,36,36,36,36,36,36,36,36,36,36,36,36,36,36,36,36,36,36,36,36,36,36,36,36,36,36,54,54,54,54,54,54,54,54,54,54,54,54,54,54,54,54,54,54,54,54,54,54,54,54,54,54,54,54,54,63,63,63,63,63,63,63,63,63,63,63,63,63,63,63,63,63,63,63,63,63,63,63,63,63,63,63,63,63,73,73,73,73,73,73,72,72,72,
0,0,1,1,1,1,1,1,1,1,1,1,1,1,1,9,9,9,9,9,9,9,9,9,9,9,9,9,9,9,9,9,9,9,9,9,9,9,9,9,9,9,9,9,9,9,12,12,12,12,12,12,12,12,27,27,27,27,27,27,27,27,27,27,27,27,27,27,27,27,27,27,27,27,27,27,27,27,27,27,27,27,27,36,36,36,36,36,36,36,36,36,36,36,36,36,36,36,36,36,36,36,36,36,36,36,36,36,36,36,36,36,46,54,54,54,54,54,54,54,54,54,54,54,54,54,54,54,54,54,54,54,54,54,54,54,54,54,54,54,54,54,63,63,63,63,63,63,63,63,63,63,63,63,63,63,63,63,63,63,63,63,63,63,63,63,63,63,63,63,73,73,73,73,73,73,73,72,72,72,
0,0,1,1,1,1,1,1,1,1,1,1,1,1,1,9,9,9,9,9,9,9,9,9,9,9,9,9,9,9,9,9,9,9,9,9,9,9,9,9,9,9,9,9,9,12,12,12,12,12,12,12,12,12,12,27,27,27,27,27,27,27,27,27,27,27,27,27,27,27,27,27,27,27,27,27,27,27,27,27,27,27,27,36,36,36,36,36,36,36,36,36,36,36,36,36,36,36,36,36,36,36,36,36,36,36,36,36,36,36,36,46,46,46,54,54,54,54,54,54,54,54,54,54,54,54,54,54,54,54,54,54,54,54,54,54,54,54,54,54,54,54,63,63,63,63,63,63,63,63,63,63,63,63,63,63,63,63,63,63,63,63,63,63,63,63,63,63,63,73,73,73,73,73,73,73,73,72,72,72,
0,0,1,1,1,1,1,1,1,1,1,1,1,1,1,1,9,9,9,9,9,9,9,9,9,9,9,9,9,9,9,9,9,9,9,9,9,9,9,9,9,9,9,9,9,12,12,12,12,12,12,12,12,12,12,12,27,27,27,27,27,27,27,27,27,27,27,27,27,27,27,27,27,27,27,27,27,27,27,27,27,27,27,36,36,36,36,36,36,36,36,36,36,36,36,36,36,36,36,36,36,36,36,36,36,36,36,36,36,36,46,46,46,46,46,54,54,54,54,54,54,54,54,54,54,54,54,54,54,54,54,54,54,54,54,54,54,54,54,54,54,54,63,63,63,63,63,63,63,63,63,63,63,63,63,63,63,63,63,63,63,63,63,63,63,63,63,63,63,73,73,73,73,73,73,73,73,72,72,72,
0,0,1,1,1,1,1,1,1,1,1,1,1,1,1,1,1,9,9,9,9,9,9,9,9,9,9,9,9,9,9,9,9,9,9,9,9,9,9,9,9,9,9,9,12,12,12,12,12,12,12,12,12,12,12,12,12,27,27,27,27,27,27,27,27,27,27,27,27,27,27,27,27,27,27,27,27,27,27,27,27,27,27,36,36,36,36,36,36,36,36,36,36,36,36,36,36,36,36,36,36,36,36,36,36,36,36,36,36,46,46,46,46,46,46,54,54,54,54,54,54,54,54,54,54,54,54,54,54,54,54,54,54,54,54,54,54,54,54,54,54,54,63,63,63,63,63,63,63,63,63,63,63,63,63,63,63,63,63,63,63,63,63,63,63,63,63,63,73,73,73,73,73,73,73,73,73,72,72,72,
0,0,1,1,1,1,1,1,1,1,1,1,1,1,1,1,1,9,9,9,9,9,9,9,9,9,9,9,9,9,9,9,9,9,9,9,9,9,9,9,9,9,9,9,12,12,12,12,12,12,12,12,12,12,12,12,12,12,27,27,27,27,27,27,27,27,27,27,27,27,27,27,27,27,27,27,27,27,27,27,27,27,27,36,36,36,36,36,36,36,36,36,36,36,36,36,36,36,36,36,36,36,36,36,36,36,36,36,46,46,46,46,46,46,46,46,54,54,54,54,54,54,54,54,54,54,54,54,54,54,54,54,54,54,54,54,54,54,54,54,54,54,63,63,63,63,63,63,63,63,63,63,63,63,63,63,63,63,63,63,63,63,63,63,63,63,63,73,73,73,73,73,73,73,73,73,73,72,72,72,
0,0,1,1,1,1,1,1,1,1,1,1,1,1,1,1,1,1,9,9,9,9,9,9,9,9,9,9,9,9,9,9,9,9,9,9,9,9,9,9,9,9,9,12,12,12,12,12,12,12,12,12,12,12,12,12,12,12,27,27,27,27,27,27,27,27,27,27,27,27,27,27,27,27,27,27,27,27,27,27,27,27,27,36,36,36,36,36,36,36,36,36,36,36,36,36,36,36,36,36,36,36,36,36,36,36,36,46,46,46,46,46,46,46,46,46,46,54,54,54,54,54,54,54,54,54,54,54,54,54,54,54,54,54,54,54,54,54,54,54,54,54,63,63,63,63,63,63,63,63,63,63,63,63,63,63,63,63,63,63,63,63,63,63,63,63,73,73,73,73,73,73,73,73,73,73,73,72,72,72,
0,0,1,1,1,1,1,1,1,1,1,1,1,1,1,1,1,1,9,9,9,9,9,9,9,9,9,9,9,9,9,9,9,9,9,9,9,9,9,9,9,9,9,12,12,12,12,12,12,12,12,12,12,12,12,12,12,12,12,27,27,27,27,27,27,27,27,27,27,27,27,27,27,27,27,27,27,27,27,27,27,27,27,36,36,36,36,36,36,36,36,36,36,36,36,36,36,36,36,36,36,36,36,36,36,36,46,46,46,46,46,46,46,46,46,46,46,54,54,54,54,54,54,54,54,54,54,54,54,54,54,54,54,54,54,54,54,54,54,54,54,54,63,63,63,63,63,63,63,63,63,63,63,63,63,63,63,63,63,63,63,63,63,63,63,63,73,73,73,73,73,73,73,73,73,73,73,72,72,72,
0,0,1,1,1,1,1,1,1,1,1,1,1,1,1,1,1,1,1,9,9,9,9,9,9,9,9,9,9,9,9,9,9,9,9,9,9,9,9,9,9,9,12,12,12,12,12,12,12,12,12,12,12,12,12,12,12,12,12,12,27,27,27,27,27,27,27,27,27,27,27,27,27,27,27,27,27,27,27,27,27,27,37,37,37,37,36,36,36,36,36,36,36,36,36,36,36,36,36,36,36,36,36,36,36,46,46,46,46,46,46,46,46,46,46,46,46,46,54,54,54,54,54,54,54,54,54,54,54,54,54,54,54,54,54,54,54,54,54,54,54,54,63,63,63,63,63,63,63,63,63,63,63,63,63,63,63,63,63,63,63,63,63,63,63,73,73,73,73,73,73,73,73,73,73,73,73,72,72,72,
0,0,1,1,1,1,1,1,1,1,1,1,1,1,1,1,1,1,1,9,9,9,9,9,9,9,9,9,9,9,9,9,9,9,9,9,9,9,9,9,9,12,12,12,12,12,12,12,12,12,12,12,12,12,12,12,12,12,12,12,12,27,27,27,27,27,27,27,27,27,27,27,27,27,27,27,27,27,28,28,28,36,37,37,37,37,37,37,37,37,36,36,36,36,36,36,36,36,36,36,36,36,36,36,46,46,46,46,46,46,46,46,46,46,46,46,46,46,46,54,54,54,54,54,54,54,54,54,54,54,54,54,54,54,54,54,54,54,54,54,54,54,63,63,63,63,63,63,63,63,63,63,63,63,63,63,63,63,63,63,63,63,63,63,73,73,73,73,73,73,73,73,73,73,73,73,73,72,72,72,
0,0,1,1,1,1,1,1,1,1,1,1,1,1,1,1,1,1,1,1,9,9,9,9,9,9,9,9,9,9,9,9,9,9,9,9,9,9,9,9,9,12,12,12,12,12,12,12,12,12,12,12,12,12,12,12,12,12,12,12,12,27,27,27,27,27,27,27,27,27,27,27,28,28,28,28,28,28,28,28,28,28,37,37,37,37,37,37,37,37,37,37,37,37,37,36,36,36,36,36,36,36,36,46,46,46,46,46,46,46,46,46,46,46,46,46,46,46,46,46,54,54,54,54,54,54,54,54,54,54,54,54,54,54,54,54,54,54,54,54,54,54,63,63,63,63,63,63,63,63,63,63,63,63,63,63,63,63,63,63,63,63,63,73,73,73,73,73,73,73,73,73,73,73,73,73,73,72,72,72,
0,0,1,1,1,1,1,1,1,1,1,1,1,1,1,1,1,1,1,1,1,9,9,9,9,9,9,9,9,9,9,9,9,9,9,9,9,9,9,9,12,12,12,12,12,12,12,12,12,12,12,12,12,12,12,12,12,12,12,12,12,12,27,27,27,27,28,28,28,28,28,28,28,28,28,28,28,28,28,28,28,28,37,37,37,37,37,37,37,37,37,37,37,37,37,37,37,37,37,37,36,36,36,46,46,46,46,46,46,46,46,46,46,46,46,46,46,46,46,46,54,54,54,54,54,54,54,54,54,54,54,54,54,54,54,54,54,54,54,54,54,54,63,63,63,63,63,63,63,63,63,63,63,63,63,63,63,63,63,63,63,63,63,73,73,73,73,73,73,73,73,73,73,73,73,73,73,72,72,72,
0,0,1,1,1,1,1,1,1,1,1,1,1,1,1,1,1,1,1,1,1,9,9,9,9,9,9,9,9,9,9,9,9,9,9,9,9,9,9,9,12,12,12,12,12,12,12,12,12,12,12,12,12,12,12,12,12,12,12,12,12,12,12,27,28,28,28,28,28,28,28,28,28,28,28,28,28,28,28,28,28,28,37,37,37,37,37,37,37,37,37,37,37,37,37,37,37,37,37,37,37,37,46,46,46,46,46,46,46,46,46,46,46,46,46,46,46,46,46,46,46,54,54,54,54,54,54,54,54,54,54,54,54,54,54,54,54,54,54,54,54,54,63,63,63,63,63,63,63,63,63,63,63,63,63,63,63,63,63,63,63,63,73,73,73,73,73,73,73,73,73,73,73,73,73,73,73,72,72,72,
0,0,1,1,1,1,1,1,1,1,1,1,1,1,1,1,1,1,1,1,1,1,9,9,9,9,9,9,9,9,9,9,9,9,9,9,9,9,9,12,12,12,12,12,12,12,12,12,12,12,12,12,12,12,12,12,12,12,12,12,12,12,12,28,28,28,28,28,28,28,28,28,28,28,28,28,28,28,28,28,28,28,37,37,37,37,37,37,37,37,37,37,37,37,37,37,37,37,37,37,37,37,46,46,46,46,46,46,46,46,46,46,46,46,46,46,46,46,46,46,46,46,54,54,54,54,54,54,54,54,54,54,54,54,54,54,54,54,54,54,54,54,63,63,63,63,63,63,63,63,63,63,63,63,63,63,63,63,63,63,63,73,73,73,73,73,73,73,73,73,73,73,73,73,73,73,73,72,72,72,
0,0,1,1,1,1,1,1,1,1,1,1,1,1,1,1,1,1,1,1,1,1,9,9,9,9,9,9,9,9,9,9,9,9,9,9,9,9,9,12,12,12,12,12,12,12,12,12,12,12,12,12,12,12,12,12,12,12,12,12,12,12,12,28,28,28,28,28,28,28,28,28,28,28,28,28,28,28,28,28,28,28,28,37,37,37,37,37,37,37,37,37,37,37,37,37,37,37,37,37,37,37,46,46,46,46,46,46,46,46,46,46,46,46,46,46,46,46,46,46,46,46,54,54,54,54,54,54,54,54,54,54,54,54,54,54,54,54,54,54,54,63,64,64,64,64,64,64,63,63,63,63,63,63,63,63,63,63,63,63,73,73,73,73,73,73,73,73,73,73,73,73,73,73,73,73,73,72,72,72,
0,0,1,1,1,1,1,1,1,1,1,1,1,1,1,1,1,1,1,1,1,1,1,10,10,10,10,10,10,10,10,10,10,10,10,10,10,10,10,12,12,12,12,12,12,12,12,12,12,12,12,12,12,12,12,12,12,12,12,12,12,12,28,28,28,28,28,28,28,28,28,28,28,28,28,28,28,28,28,28,28,28,28,37,37,37,37,37,37,37,37,37,37,37,37,37,37,37,37,37,37,37,46,46,46,46,46,46,46,46,46,46,46,46,46,46,46,46,46,46,46,46,46,54,54,54,54,54,55,55,55,55,55,55,55,55,55,55,55,55,55,64,64,64,64,64,64,64,64,64,64,64,64,64,64,64,63,63,63,63,73,73,73,73,73,73,73,73,73,73,73,73,73,73,73,73,73,72,72,72,
0,0,1,1,1,1,1,1,1,1,1,1,1,1,1,1,1,1,1,1,1,1,1,10,10,10,10,10,10,10,10,10,10,10,10,10,10,10,10,12,12,12,12,12,12,12,12,12,12,12,12,12,12,12,12,12,12,12,12,12,12,12,28,28,28,28,28,28,28,28,28,28,28,28,28,28,28,28,28,28,28,28,28,37,37,37,37,37,37,37,37,37,37,37,37,37,37,37,37,37,37,37,46,46,46,46,46,46,46,46,46,46,46,46,46,46,46,46,46,46,46,46,46,55,55,55,55,55,55,55,55,55,55,55,55,55,55,55,55,55,55,55,64,64,64,64,64,64,64,64,64,64,64,64,64,64,64,64,64,64,73,73,73,73,73,73,73,73,73,73,73,73,73,73,73,73,73,72,72,72,
0,0,1,1,1,1,1,1,1,1,1,1,1,1,1,1,1,1,1,1,1,1,10,10,10,10,10,10,10,10,10,10,10,10,10,10,10,10,10,10,12,12,12,12,12,12,12,12,12,12,12,12,12,12,12,12,12,12,12,12,12,12,28,28,28,28,28,28,28,28,28,28,28,28,28,28,28,28,28,28,28,28,28,37,37,37,37,37,37,37,37,37,37,37,37,37,37,37,37,37,37,37,46,46,46,46,46,46,46,46,46,46,46,46,46,46,46,46,46,46,46,46,46,55,55,55,55,55,55,55,55,55,55,55,55,55,55,55,55,55,55,55,64,64,64,64,64,64,64,64,64,64,64,64,64,64,64,64,64,64,73,73,73,73,73,73,73,73,73,73,73,73,73,73,73,73,73,72,72,72,
0,0,1,1,1,1,1,1,1,1,1,1,1,1,1,1,1,1,1,1,1,10,10,10,10,10,10,10,10,10,10,10,10,10,10,10,10,10,10,10,12,12,12,12,12,12,12,12,12,12,12,12,12,12,12,12,12,12,12,12,12,12,28,28,28,28,28,28,28,28,28,28,28,28,28,28,28,28,28,28,28,28,28,37,37,37,37,37,37,37,37,37,37,37,37,37,37,37,37,37,37,37,46,46,46,46,46,46,46,46,46,46,46,46,46,46,46,46,46,46,46,46,55,55,55,55,55,55,55,55,55,55,55,55,55,55,55,55,55,55,55,55,64,64,64,64,64,64,64,64,64,64,64,64,64,64,64,64,64,64,64,73,73,73,73,73,73,73,73,73,73,73,73,73,73,73,73,72,72,72,
0,0,1,1,1,1,1,1,1,1,1,1,1,1,1,1,1,1,1,1,1,10,10,10,10,10,10,10,10,10,10,10,10,10,10,10,10,10,10,10,12,12,12,12,12,12,12,12,12,12,12,12,12,12,12,12,12,12,12,12,12,12,28,28,28,28,28,28,28,28,28,28,28,28,28,28,28,28,28,28,28,28,28,37,37,37,37,37,37,37,37,37,37,37,37,37,37,37,37,37,37,37,46,46,46,46,46,46,46,46,46,46,46,46,46,46,46,46,46,46,46,46,55,55,55,55,55,55,55,55,55,55,55,55,55,55,55,55,55,55,55,55,64,64,64,64,64,64,64,64,64,64,64,64,64,64,64,64,64,64,64,73,73,73,73,73,73,73,73,73,73,73,73,73,73,73,73,72,72,72,
0,0,1,1,1,1,1,1,1,1,1,1,1,1,1,1,1,1,1,1,10,10,10,10,10,10,10,10,10,10,10,10,10,10,10,10,10,10,10,10,10,12,12,12,12,12,12,12,12,12,12,12,12,12,12,12,12,12,12,12,12,12,28,28,28,28,28,28,28,28,28,28,28,28,28,28,28,28,28,28,28,28,28,37,37,37,37,37,37,37,37,37,37,37,37,37,37,37,37,37,37,37,46,46,46,46,46,46,46,46,46,46,46,46,46,46,46,46,46,46,46,46,55,55,55,55,55,55,55,55,55,55,55,55,55,55,55,55,55,55,55,55,64,64,64,64,64,64,64,64,64,64,64,64,64,64,64,64,64,64,64,64,73,73,73,73,73,73,73,73,73,73,73,73,73,73,73,72,72,72,
0,0,1,1,1,1,1,1,1,1,1,1,1,1,1,1,1,1,1,1,10,10,10,10,10,10,10,10,10,10,10,10,10,10,10,10,10,10,10,10,10,12,12,12,12,12,12,12,12,12,12,12,12,12,12,12,12,12,12,12,12,12,28,28,28,28,28,28,28,28,28,28,28,28,28,28,28,28,28,28,28,28,28,37,37,37,37,37,37,37,37,37,37,37,37,37,37,37,37,37,37,37,46,46,46,46,46,46,46,46,46,46,46,46,46,46,46,46,46,46,46,55,55,55,55,55,55,55,55,55,55,55,55,55,55,55,55,55,55,55,55,55,64,64,64,64,64,64,64,64,64,64,64,64,64,64,64,64,64,64,64,64,73,73,73,73,73,73,73,73,73,73,73,73,73,73,73,72,72,72,
0,0,1,1,1,1,1,1,1,1,1,1,1,1,1,1,1,1,1,10,10,10,10,10,10,10,10,10,10,10,10,10,10,10,10,10,10,10,10,10,10,10,12,12,12,12,12,12,12,12,12,12,12,12,12,12,12,12,12,12,12,12,28,28,28,28,28,28,28,28,28,28,28,28,28,28,28,28,28,28,28,28,28,37,37,37,37,37,37,37,37,37,37,37,37,37,37,37,37,37,37,37,46,46,46,46,46,46,46,46,46,46,46,46,46,46,46,46,46,46,46,55,55,55,55,55,55,55,55,55,55,55,55,55,55,55,55,55,55,55,55,55,64,64,64,64,64,64,64,64,64,64,64,64,64,64,64,64,64,64,64,64,64,73,73,73,73,73,73,73,73,73,73,73,73,73,73,72,72,72,
0,0,1,1,1,1,1,1,1,1,1,1,1,1,1,1,1,1,1,10,10,10,10,10,10,10,10,10,10,10,10,10,10,10,10,10,10,10,10,10,10,10,12,12,12,12,12,12,12,12,12,12,12,12,12,12,12,12,12,12,12,12,28,28,28,28,28,28,28,28,28,28,28,28,28,28,28,28,28,28,28,28,28,37,37,37,37,37,37,37,37,37,37,37,37,37,37,37,37,37,37,37,46,46,46,46,46,46,46,46,46,46,46,46,46,46,46,46,46,46,46,55,55,55,55,55,55,55,55,55,55,55,55,55,55,55,55,55,55,55,55,55,64,64,64,64,64,64,64,64,64,64,64,64,64,64,64,64,64,64,64,64,64,73,73,73,73,73,73,73,73,73,73,73,73,73,73,72,72,72,
0,0,1,1,1,1,1,1,1,1,1,1,1,1,1,1,1,1,10,10,10,10,10,10,10,10,10,10,10,10,10,10,10,10,10,10,10,10,10,10,10,10,12,12,12,12,12,12,12,12,12,12,12,12,12,12,12,12,12,12,12,12,28,28,28,28,28,28,28,28,28,28,28,28,28,28,28,28,28,28,28,28,28,37,37,37,37,37,37,37,37,37,37,37,37,37,37,37,37,37,37,37,46,46,46,46,46,46,46,46,46,46,46,46,46,46,46,46,46,46,55,55,55,55,55,55,55,55,55,55,55,55,55,55,55,55,55,55,55,55,55,55,64,64,64,64,64,64,64,64,64,64,64,64,64,64,64,64,64,64,64,64,64,64,73,73,73,73,73,73,73,73,73,73,73,73,73,72,72,72,
0,0,1,1,1,1,1,1,1,1,1,1,1,1,1,1,1,1,10,10,10,10,10,10,10,10,10,10,10,10,10,10,10,10,10,10,10,10,10,10,10,10,10,12,12,12,12,12,12,12,12,12,12,12,12,12,12,12,12,12,12,12,28,28,28,28,28,28,28,28,28,28,28,28,28,28,28,28,28,28,28,28,28,37,37,37,37,37,37,37,37,37,37,37,37,37,37,37,37,37,37,37,46,46,46,46,46,46,46,46,46,46,46,46,46,46,46,46,46,46,55,55,55,55,55,55,55,55,55,55,55,55,55,55,55,55,55,55,55,55,55,55,64,64,64,64,64,64,64,64,64,64,64,64,64,64,64,64,64,64,64,64,64,64,73,73,73,73,73,73,73,73,73,73,73,73,73,72,72,72,
0,0,1,1,1,1,1,1,1,1,1,1,1,1,1,1,1,10,10,10,10,10,10,10,10,10,10,10,10,10,10,10,10,10,10,10,10,10,10,10,10,10,10,12,12,12,12,12,12,12,12,12,12,12,12,12,12,12,12,12,12,12,28,28,28,28,28,28,28,28,28,28,28,28,28,28,28,28,28,28,28,28,28,37,37,37,37,37,37,37,37,37,37,37,37,37,37,37,37,37,37,46,46,46,46,46,46,46,46,46,46,46,46,46,46,46,46,46,46,55,55,55,55,55,55,55,55,55,55,55,55,55,55,55,55,55,55,55,55,55,55,55,64,64,64,64,64,64,64,64,64,64,64,64,64,64,64,64,64,64,64,64,64,64,64,73,73,73,73,73,73,73,73,73,73,73,73,72,72,72,
0,0,1,1,1,1,1,1,1,1,1,1,1,1,1,1,1,10,10,10,10,10,10,10,10,10,10,10,10,10,10,10,10,10,10,10,10,10,10,10,10,10,10,10,12,12,12,12,12,12,12,12,12,12,12,12,12,12,12,12,12,12,28,28,28,28,28,28,28,28,28,28,28,28,28,28,28,28,28,28,28,28,28,37,37,37,37,37,37,37,37,37,37,37,37,37,37,37,37,37,37,46,46,46,46,46,46,46,46,46,46,46,46,46,46,46,46,46,46,55,55,55,55,55,55,55,55,55,55,55,55,55,55,55,55,55,55,55,55,55,55,55,64,64,64,64,64,64,64,64,64,64,64,64,64,64,64,64,64,64,64,64,64,64,64,73,73,73,73,73,73,73,73,73,73,73,73,72,72,72,
0,0,2,1,1,1,1,1,1,2,2,2,2,2,2,2,10,10,10,10,10,10,10,10,10,10,10,10,10,10,10,10,10,10,10,10,10,10,10,10,10,10,10,10,12,12,12,12,12,12,12,12,12,12,12,12,12,12,12,12,12,12,29,28,28,28,28,28,28,28,28,28,28,28,28,28,28,28,28,28,28,28,28,37,37,37,37,37,37,37,37,37,37,37,37,37,37,37,37,37,37,46,46,46,46,46,46,46,46,46,46,46,46,46,46,46,46,46,46,55,55,55,55,55,55,55,55,55,55,55,55,55,55,55,55,55,55,55,55,55,55,55,64,64,64,64,64,64,64,64,64,64,64,64,64,64,64,64,64,64,64,64,64,64,64,64,73,73,73,73,73,73,73,73,73,73,73,72,72,72,
0,0,1,2,2,2,2,2,2,2,2,2,2,2,2,2,2,10,10,10,10,10,10,10,10,10,10,10,10,10,10,10,10,10,10,10,10,10,10,10,10,10,10,10,10,12,12,12,12,12,12,12,12,12,12,12,12,12,12,12,29,29,29,29,29,28,28,28,28,28,28,28,28,28,28,28,28,28,28,28,28,28,28,38,37,37,37,37,37,37,37,37,37,37,37,37,37,37,37,37,37,46,46,46,46,46,46,46,46,46,46,46,46,46,46,46,46,46,55,55,55,55,55,55,55,55,55,55,55,55,55,55,55,55,55,55,55,55,55,55,55,55,64,64,64,64,64,64,64,64,64,64,64,64,64,64,64,64,64,64,64,64,64,64,64,64,73,73,73,73,73,73,73,73,73,73,72,72,72,72,
0,0,2,2,2,2,2,2,2,2,2,2,2,2,2,2,2,2,10,10,10,10,10,10,10,10,10,10,10,10,10,10,10,10,10,10,10,10,10,10,10,10,10,10,10,12,12,12,12,12,12,12,12,12,12,12,12,12,29,29,29,29,29,29,29,29,29,29,29,28,28,28,28,28,28,28,28,28,28,28,28,28,38,38,38,38,38,38,38,38,38,38,37,37,37,37,37,37,37,37,46,46,46,46,46,46,46,46,46,46,46,46,46,46,46,46,46,46,55,55,55,55,55,55,55,55,55,55,55,55,55,55,55,55,55,55,55,55,55,55,55,55,64,64,64,64,64,64,64,64,64,64,64,64,64,64,64,64,64,64,64,64,64,64,64,64,74,74,74,74,74,74,74,74,74,74,72,72,72,72,
0,0,2,2,2,2,2,2,2,2,2,2,2,2,2,2,2,2,2,10,10,10,10,10,10,10,10,10,10,10,10,10,10,10,10,10,10,10,10,10,10,10,10,10,10,12,12,12,12,12,12,12,12,12,12,12,29,29,29,29,29,29,29,29,29,29,29,29,29,29,29,29,28,28,28,28,28,28,28,28,38,38,38,38,38,38,38,38,38,38,38,38,38,38,38,38,38,38,38,38,38,46,46,46,46,46,46,46,46,46,46,46,46,46,46,46,46,46,55,55,55,55,55,55,55,55,55,55,55,55,55,55,55,55,55,55,55,55,55,55,55,55,64,64,64,64,64,64,64,64,64,64,64,64,64,64,64,64,64,64,64,64,64,64,64,74,74,74,74,74,74,74,74,74,74,74,74,72,72,72,
12,12,2,2,2,2,2,2,2,2,2,2,2,2,2,2,2,2,2,2,10,10,10,10,10,10,10,10,10,10,10,10,10,10,10,10,10,10,10,10,10,10,10,10,10,10,12,12,12,12,12,12,12,12,12,29,29,29,29,29,29,29,29,29,29,29,29,29,29,29,29,29,29,29,29,29,28,28,28,38,38,38,38,38,38,38,38,38,38,38,38,38,38,38,38,38,38,38,38,38,38,38,47,47,47,47,46,46,46,46,46,46,46,46,46,46,46,55,55,55,55,55,55,55,55,55,55,55,55,55,55,55,55,55,55,55,55,55,55,55,55,55,64,64,64,64,64,64,64,64,64,64,64,64,64,64,64,64,64,64,64,64,64,64,74,74,74,74,74,74,74,74,74,74,74,74,74,66,66,66,
12,12,2,2,2,2,2,2,2,2,2,2,2,2,2,2,2,2,2,2,10,10,10,10,10,10,10,10,10,10,10,10,10,10,10,10,10,10,10,10,10,10,10,10,10,10,12,12,12,12,12,12,12,29,29,29,29,29,29,29,29,29,29,29,29,29,29,29,29,29,29,29,29,29,29,29,29,29,38,38,38,38,38,38,38,38,38,38,38,38,38,38,38,38,38,38,38,38,38,38,38,38,47,47,47,47,47,47,47,47,47,47,47,47,47,47,47,55,55,55,55,55,55,55,55,55,55,55,55,55,55,55,55,55,55,55,55,55,55,55,55,64,64,64,64,64,64,64,64,64,64,64,64,64,64,64,64,64,64,64,64,64,64,74,74,74,74,74,74,74,74,74,74,74,74,74,74,66,66,66,
12,12,2,2,2,2,2,2,2,2,2,2,2,2,2,2,2,2,2,2,2,10,10,10,10,10,10,10,10,10,10,10,10,10,10,10,10,10,10,10,10,10,10,10,10,10,29,12,12,12,12,29,29,29,29,29,29,29,29,29,29,29,29,29,29,29,29,29,29,29,29,29,29,29,29,29,29,29,38,38,38,38,38,38,38,38,38,38,38,38,38,38,38,38,38,38,38,38,38,38,38,38,47,47,47,47,47,47,47,47,47,47,47,47,47,47,47,47,55,55,55,55,55,55,55,55,55,55,55,55,55,55,55,55,55,55,55,56,56,56,56,56,64,64,64,64,64,64,64,64,64,64,64,64,64,64,64,64,64,64,64,64,74,74,74,74,74,74,74,74,74,74,74,74,74,74,74,66,66,66,
12,12,2,2,2,2,2,2,2,2,2,2,2,2,2,2,2,2,2,2,2,11,11,11,11,11,11,11,11,11,11,11,11,11,10,10,10,10,10,10,10,10,10,10,10,10,12,29,12,29,29,29,29,29,29,29,29,29,29,29,29,29,29,29,29,29,29,29,29,29,29,29,29,29,29,29,29,29,38,38,38,38,38,38,38,38,38,38,38,38,38,38,38,38,38,38,38,38,38,38,38,38,47,47,47,47,47,47,47,47,47,47,47,47,47,47,47,47,47,55,56,56,56,56,56,56,56,56,56,56,56,56,56,56,56,56,56,56,56,56,56,56,56,65,65,65,65,65,65,65,65,65,65,65,65,65,64,64,64,64,64,74,74,74,74,74,74,74,74,74,74,74,74,74,74,74,74,66,66,66,
12,12,2,2,2,2,2,2,2,2,2,2,2,2,2,2,2,2,2,2,2,11,11,11,11,11,11,11,11,11,11,11,11,11,11,11,11,11,11,11,11,11,11,11,11,11,12,29,29,29,29,29,29,29,29,29,29,29,29,29,29,29,29,29,29,29,29,29,29,29,29,29,29,29,29,29,29,29,38,38,38,38,38,38,38,38,38,38,38,38,38,38,38,38,38,38,38,38,38,38,38,38,47,47,47,47,47,47,47,47,47,47,47,47,47,47,47,47,47,56,56,56,56,56,56,56,56,56,56,56,56,56,56,56,56,56,56,56,56,56,56,56,56,65,65,65,65,65,65,65,65,65,65,65,65,65,65,65,65,65,74,74,74,74,74,74,74,74,74,74,74,74,74,74,74,74,74,66,66,66,
12,12,2,2,2,2,2,2,2,2,2,2,2,2,2,2,2,2,2,2,2,11,11,11,11,11,11,11,11,11,11,11,11,11,11,11,11,11,11,11,11,11,11,11,11,11,11,29,29,29,29,29,29,29,29,29,29,29,29,29,29,29,29,29,29,29,29,29,29,29,29,29,29,29,29,29,29,29,38,38,38,38,38,38,38,38,38,38,38,38,38,38,38,38,38,38,38,38,38,38,38,38,47,47,47,47,47,47,47,47,47,47,47,47,47,47,47,47,47,56,56,56,56,56,56,56,56,56,56,56,56,56,56,56,56,56,56,56,56,56,56,56,56,65,65,65,65,65,65,65,65,65,65,65,65,65,65,65,65,65,65,74,74,74,74,74,74,74,74,74,74,74,74,74,74,74,74,66,66,66,
12,12,2,2,2,2,2,2,2,2,2,2,2,2,2,2,2,2,2,2,2,11,11,11,11,11,11,11,11,11,11,11,11,11,11,11,11,11,11,11,11,11,11,11,11,11,11,12,29,29,29,29,29,29,29,29,29,29,29,29,29,29,29,29,29,29,29,29,29,29,29,29,29,29,29,29,29,29,38,38,38,38,38,38,38,38,38,38,38,38,38,38,38,38,38,38,38,38,38,38,38,38,47,47,47,47,47,47,47,47,47,47,47,47,47,47,47,47,47,56,56,56,56,56,56,56,56,56,56,56,56,56,56,56,56,56,56,56,56,56,56,56,65,65,65,65,65,65,65,65,65,65,65,65,65,65,65,65,65,65,65,74,74,74,74,74,74,74,74,74,74,74,74,74,74,74,74,66,66,66,
12,12,2,2,2,2,2,2,2,2,2,2,2,2,2,2,2,2,2,2,11,11,11,11,11,11,11,11,11,11,11,11,11,11,11,11,11,11,11,11,11,11,11,11,11,11,12,12,12,12,12,29,29,29,29,29,29,29,29,29,29,29,29,29,29,29,29,29,29,29,29,29,29,29,29,29,29,29,38,38,38,38,38,38,38,38,38,38,38,38,38,38,38,38,38,38,38,38,38,38,38,38,47,47,47,47,47,47,47,47,47,47,47,47,47,47,47,47,47,56,56,56,56,56,56,56,56,56,56,56,56,56,56,56,56,56,56,56,56,56,56,56,65,65,65,65,65,65,65,65,65,65,65,65,65,65,65,65,65,65,65,74,74,74,74,74,74,74,74,74,74,74,74,74,74,74,74,66,66,66,
12,12,2,2,2,2,2,2,2,2,2,2,2,2,2,2,2,2,2,2,11,11,11,11,11,11,11,11,11,11,11,11,11,11,11,11,11,11,11,11,11,12,12,12,12,12,12,12,12,12,12,12,29,29,29,29,29,29,29,29,29,29,29,29,29,29,29,29,29,29,29,29,29,29,29,29,29,29,38,38,38,38,38,38,38,38,38,38,38,38,38,38,38,38,38,38,38,38,38,38,38,38,47,47,47,47,47,47,47,47,47,47,47,47,47,47,47,47,47,56,56,56,56,56,56,56,56,56,56,56,56,56,56,56,56,56,56,56,56,56,56,56,65,65,65,65,65,65,65,65,65,65,65,65,65,65,65,65,65,65,65,74,74,74,74,74,74,74,74,74,74,74,74,74,74,74,74,66,66,66,
12,12,2,2,2,2,2,2,2,2,2,2,2,2,2,2,2,2,2,2,11,11,11,11,11,11,11,11,11,11,11,11,11,11,11,11,11,11,11,11,12,12,12,12,12,12,12,12,12,12,12,12,29,29,29,29,29,29,29,29,29,29,29,29,29,29,29,29,29,29,29,29,29,29,29,29,29,29,38,38,38,38,38,38,38,38,38,38,38,38,38,38,38,38,38,38,38,38,38,38,38,38,47,47,47,47,47,47,47,47,47,47,47,47,47,47,47,47,47,56,56,56,56,56,56,56,56,56,56,56,56,56,56,56,56,56,56,56,56,56,56,56,65,65,65,65,65,65,65,65,65,65,65,65,65,65,65,65,65,65,65,74,74,74,74,74,74,74,74,74,74,74,74,74,74,74,74,66,66,66,
12,12,2,2,2,2,2,2,2,2,2,2,2,2,2,2,2,2,2,2,11,11,11,11,11,11,11,11,11,11,11,11,11,11,11,11,11,11,11,11,12,12,12,12,12,12,12,12,12,12,12,12,29,29,29,29,29,29,29,29,29,29,29,29,29,29,29,29,29,29,29,29,29,29,29,29,29,29,38,38,38,38,38,38,38,38,38,38,38,38,38,38,38,38,38,38,38,38,38,38,38,38,47,47,47,47,47,47,47,47,47,47,47,47,47,47,47,47,47,56,56,56,56,56,56,56,56,56,56,56,56,56,56,56,56,56,56,56,56,56,56,56,65,65,65,65,65,65,65,65,65,65,65,65,65,65,65,65,65,65,65,74,74,74,74,74,74,74,74,74,74,74,74,74,74,74,74,66,66,66,
12,12,2,2,2,2,2,2,2,2,2,2,2,2,2,2,2,2,2,2,11,11,11,11,11,11,11,11,11,11,11,11,11,11,11,11,11,11,11,11,12,12,12,12,12,12,12,12,12,12,12,12,29,29,29,29,29,29,29,29,29,29,29,29,29,29,29,29,29,29,29,29,29,29,29,29,29,29,38,38,38,38,38,38,38,38,38,38,38,38,38,38,38,38,38,38,38,38,38,38,38,38,47,47,47,47,47,47,47,47,47,47,47,47,47,47,47,47,47,56,56,56,56,56,56,56,56,56,56,56,56,56,56,56,56,56,56,56,56,56,56,56,65,65,65,65,65,65,65,65,65,65,65,65,65,65,65,65,65,65,65,74,74,74,74,74,74,74,74,74,74,74,74,74,74,74,74,66,66,66,
12,12,2,2,2,2,2,2,2,2,2,2,2,2,2,2,2,2,2,2,11,11,11,11,11,11,11,11,11,11,11,11,11,11,11,11,11,11,11,12,12,12,12,12,12,12,12,12,12,12,12,12,29,29,29,29,29,29,29,29,29,29,29,29,29,29,29,29,29,29,29,29,29,29,29,29,29,29,38,38,38,38,38,38,38,38,38,38,38,38,38,38,38,38,38,38,38,38,38,38,38,38,47,47,47,47,47,47,47,47,47,47,47,47,47,47,47,47,47,47,56,56,56,56,56,56,56,56,56,56,56,56,56,56,56,56,56,56,56,56,56,56,65,65,65,65,65,65,65,65,65,65,65,65,65,65,65,65,65,65,65,74,74,74,74,74,74,74,74,74,74,74,74,74,74,74,74,66,66,66,
12,12,2,2,2,2,2,2,2,2,2,2,2,2,2,2,2,2,2,11,11,11,11,11,11,11,11,11,11,11,11,11,11,11,12,12,12,12,12,12,12,12,12,12,12,12,12,12,12,12,12,12,29,29,29,29,29,29,29,29,29,29,29,29,29,29,29,29,29,29,29,29,29,29,29,29,29,29,38,38,38,38,38,38,38,38,38,38,38,38,38,38,38,38,38,38,38,38,38,38,38,38,47,47,47,47,47,47,47,47,47,47,47,47,47,47,47,47,47,57,57,57,57,57,57,57,57,56,56,56,56,56,56,56,56,56,56,56,56,56,56,56,65,65,65,65,65,65,65,65,65,65,65,65,65,65,65,65,65,65,65,74,74,74,74,74,74,74,74,74,74,74,74,74,74,74,74,66,66,66,
12,12,2,2,2,2,2,2,2,2,2,2,2,2,2,2,2,2,2,11,11,11,11,11,11,11,11,11,11,11,11,11,11,12,12,12,12,12,12,12,12,12,12,12,12,12,12,12,12,12,12,29,12,12,12,12,29,29,29,29,29,29,29,29,29,29,29,29,29,29,29,29,29,29,29,29,29,29,38,38,38,38,38,38,38,38,38,38,38,38,38,38,38,38,38,38,38,38,38,38,38,38,47,47,47,47,47,47,47,47,39,39,39,39,47,47,57,57,57,57,57,57,57,57,57,57,57,57,57,57,57,57,57,56,56,66,66,66,66,56,56,65,65,65,65,65,65,65,65,65,65,65,65,65,65,65,65,65,65,65,65,74,74,74,74,74,74,74,74,74,74,74,74,74,74,74,74,66,66,66,
12,12,2,2,2,2,2,2,2,2,2,2,2,2,2,2,2,2,2,11,11,11,11,11,11,11,11,11,11,11,11,11,11,12,12,12,12,12,12,12,12,12,12,12,12,12,12,12,12,12,12,12,12,12,12,12,12,29,29,29,29,29,29,29,29,29,29,29,29,29,29,29,29,29,29,29,29,29,38,38,38,38,38,38,38,38,38,38,38,38,38,38,38,38,38,38,38,38,38,38,38,38,47,47,47,47,47,47,47,39,39,39,39,39,39,57,57,57,57,57,57,57,57,57,57,57,57,57,57,57,57,57,57,57,66,66,66,66,66,66,65,65,65,65,65,65,65,65,65,65,65,65,65,65,65,65,65,65,65,65,65,74,74,74,74,74,74,74,74,74,74,74,74,74,74,74,74,66,66,66,
12,12,2,2,2,2,2,2,2,2,2,2,2,2,2,2,2,2,2,11,11,11,11,11,11,11,11,11,11,11,11,11,11,12,12,12,12,12,12,12,12,12,12,12,12,12,12,12,12,12,12,12,12,12,12,12,12,12,29,29,29,29,29,29,29,29,29,29,29,29,29,29,29,29,29,29,29,29,38,38,38,38,38,38,38,38,38,38,38,38,38,38,38,38,38,38,38,38,38,38,38,38,47,47,47,47,47,47,47,39,39,39,39,39,39,57,57,57,57,57,57,57,57,57,57,57,57,57,57,57,57,57,57,57,66,66,66,66,66,66,65,65,65,65,65,65,65,65,65,65,65,65,65,65,65,65,65,65,65,65,65,65,74,74,74,74,74,74,74,74,74,74,74,74,74,74,74,66,66,66,
12,12,2,2,2,2,2,2,2,2,2,2,2,2,2,2,2,2,2,11,11,11,11,11,11,11,11,11,11,11,11,11,11,12,12,12,12,12,12,12,12,12,12,12,12,12,12,12,12,12,12,12,12,12,12,12,12,12,29,29,29,29,29,29,29,29,29,29,29,29,29,29,29,29,29,29,29,29,38,38,38,38,38,38,38,38,38,38,38,38,38,38,38,38,38,38,38,38,38,38,38,38,47,47,47,47,47,47,47,39,39,39,39,39,39,57,57,57,57,57,57,57,57,57,57,57,57,57,57,57,57,57,57,57,66,66,66,66,66,66,65,65,65,65,65,65,65,65,65,65,65,65,65,65,65,65,65,65,65,65,65,65,74,74,74,74,74,74,74,74,74,74,74,74,74,74,74,66,66,66,
12,12,2,2,2,2,2,2,2,2,2,2,2,2,2,2,2,2,2,11,11,11,11,11,11,11,11,11,11,11,11,11,11,12,12,12,12,12,12,12,12,12,12,12,12,12,12,12,12,12,12,12,12,12,12,12,12,12,12,29,29,29,29,29,29,29,29,29,29,29,29,29,29,29,29,29,29,29,38,38,38,38,38,38,38,38,38,38,38,38,38,38,38,38,38,38,38,38,38,38,38,47,47,47,47,47,47,47,47,39,39,39,39,39,39,57,57,57,57,57,57,57,57,57,57,57,57,57,57,57,57,57,57,57,66,66,66,66,66,66,66,65,65,65,65,65,65,65,65,65,65,65,65,65,65,65,65,65,65,65,65,65,74,74,74,74,74,74,74,74,74,74,74,74,74,74,74,66,66,66,
12,12,2,2,2,2,2,2,2,2,2,2,2,2,2,2,2,2,11,11,11,11,11,11,11,11,11,11,11,11,11,11,12,12,12,12,12,12,12,12,12,12,12,12,12,12,12,12,12,12,12,12,12,12,12,12,12,12,12,29,29,29,29,29,29,29,29,29,29,29,29,29,29,29,29,29,29,29,38,38,38,38,38,38,38,38,38,38,38,38,38,38,38,38,38,38,38,38,38,47,47,47,47,47,47,47,47,47,39,39,39,39,39,39,57,57,57,57,57,57,57,57,57,57,57,57,57,57,57,57,57,57,57,57,57,66,66,66,66,66,66,66,66,65,65,65,65,65,65,65,65,65,65,65,65,65,65,65,65,65,65,65,74,74,74,74,74,74,74,74,74,74,74,74,74,74,74,66,66,66,
12,12,2,2,2,2,2,2,2,2,2,2,2,2,2,2,2,2,11,11,11,11,11,11,11,11,11,11,11,12,12,12,12,12,12,12,12,12,12,12,12,12,12,12,12,12,12,12,12,12,12,12,12,12,12,12,12,12,12,29,29,29,29,29,29,29,29,29,29,29,29,29,29,29,29,29,29,30,38,38,38,38,38,38,38,38,38,38,38,38,38,38,38,38,38,38,38,47,47,47,47,47,47,48,48,48,48,48,39,39,57,57,57,57,57,57,57,57,57,57,57,57,57,57,57,57,57,57,57,57,57,57,57,57,57,57,57,57,57,66,66,66,66,66,66,65,65,65,65,65,65,65,65,65,65,65,65,65,65,65,65,65,74,74,74,74,74,74,74,74,74,74,74,74,74,74,74,66,66,66,
12,12,3,2,2,2,2,2,2,2,3,3,3,3,3,3,3,3,3,11,11,11,11,11,11,11,11,12,12,12,12,12,12,12,12,12,12,12,12,12,12,12,12,12,12,12,12,12,12,12,12,12,12,12,12,12,12,12,12,29,29,29,29,29,29,29,29,29,29,29,29,30,30,30,30,30,30,30,30,38,38,38,38,38,38,38,38,38,38,38,38,38,38,38,38,38,47,47,47,47,47,47,48,48,48,48,48,48,48,57,57,57,57,57,57,57,57,57,57,57,57,57,57,57,57,57,57,57,57,57,57,57,57,57,57,57,57,57,57,57,66,66,66,66,66,66,65,65,65,65,65,65,65,65,65,65,65,65,65,65,65,65,75,74,74,74,74,74,74,74,74,74,74,74,74,74,74,66,66,66,
12,12,2,3,3,3,3,3,3,3,3,3,3,3,3,3,3,3,3,3,11,11,11,11,11,11,11,12,12,12,12,12,12,12,12,12,12,12,12,12,12,12,12,12,12,12,12,12,12,12,12,12,12,12,12,12,12,12,12,29,29,29,29,30,30,30,30,30,30,30,30,30,30,30,30,30,30,30,30,30,38,38,38,38,38,38,38,38,38,38,38,38,38,38,38,38,47,47,47,47,47,47,48,48,48,48,48,48,48,48,57,57,57,57,57,57,57,57,57,57,57,57,57,57,57,57,57,57,57,57,57,57,57,57,57,57,57,57,57,57,66,66,66,66,66,66,65,65,65,65,65,65,65,65,65,65,65,65,65,65,75,75,75,75,75,75,74,74,74,74,74,74,74,74,74,74,74,66,66,66,
12,12,3,3,3,3,3,3,3,3,3,3,3,3,3,3,3,3,3,3,3,11,11,11,11,11,11,12,12,12,12,12,12,12,12,12,12,12,12,12,12,12,12,12,12,12,12,12,12,12,12,12,12,12,12,12,12,12,12,30,30,30,30,30,30,30,30,30,30,30,30,30,30,30,30,30,30,30,30,30,30,38,38,38,38,38,38,38,38,38,38,38,38,38,38,38,47,47,47,47,47,47,48,48,48,48,48,48,48,48,57,57,57,57,57,57,57,57,57,57,57,57,57,57,57,57,57,57,57,57,57,57,57,57,57,57,57,57,57,57,66,66,66,66,66,66,65,65,65,65,65,65,65,65,65,65,65,65,75,75,75,75,75,75,75,75,75,75,75,75,74,74,74,74,74,74,74,66,66,66,
12,12,3,3,3,3,3,3,3,3,3,3,3,3,3,3,3,3,3,3,3,3,11,11,11,11,11,12,12,12,12,12,12,12,12,12,12,12,12,12,12,12,12,12,12,12,12,12,12,12,12,12,12,12,12,12,12,12,12,30,30,30,30,30,30,30,30,30,30,30,30,30,30,30,30,30,30,30,30,30,30,30,38,38,38,38,38,38,38,38,38,38,38,38,38,38,48,47,47,47,47,48,48,48,48,48,48,48,48,48,57,57,57,57,57,57,57,57,57,57,57,57,57,57,57,57,57,57,57,57,57,57,57,57,57,57,57,57,57,57,66,66,66,66,66,66,65,65,65,65,65,65,65,65,65,65,75,75,75,75,75,75,75,75,75,75,75,75,75,75,75,75,75,75,74,74,66,66,66,66,
12,12,3,3,3,3,3,3,3,3,3,3,3,3,3,3,3,3,3,3,3,3,11,12,11,11,12,12,12,12,12,12,12,12,12,12,12,12,12,12,12,12,12,12,12,12,12,12,12,12,12,12,12,12,12,12,12,12,12,30,30,30,30,30,30,30,30,30,30,30,30,30,30,30,30,30,30,30,30,30,30,30,30,38,38,38,38,38,38,38,38,38,38,38,38,48,48,48,48,48,48,48,48,48,48,48,48,48,48,48,48,57,57,57,57,57,57,57,57,57,57,57,57,57,57,57,57,57,57,57,57,57,57,57,57,57,57,57,57,57,66,66,66,66,66,66,65,65,65,65,65,65,65,65,65,75,75,75,75,75,75,75,75,75,75,75,75,75,75,75,75,75,75,75,75,75,66,66,66,66,
12,12,3,3,3,3,3,3,3,3,3,3,3,3,3,3,3,3,3,3,3,3,12,12,12,12,12,12,12,12,12,12,12,12,12,12,12,12,12,12,12,12,12,12,12,12,12,12,12,12,12,12,12,12,12,12,12,12,12,30,30,30,30,30,30,30,30,30,30,30,30,30,30,30,30,30,30,30,30,30,30,30,30,30,38,38,38,38,38,38,38,48,48,48,48,48,48,48,48,48,48,48,48,48,48,48,48,48,48,48,48,57,57,57,57,57,57,57,57,57,57,57,57,57,57,57,57,57,57,57,57,57,57,57,57,57,57,57,57,57,66,66,66,66,66,66,65,65,65,65,65,65,65,75,75,75,75,75,75,75,75,75,75,75,75,75,75,75,75,75,75,75,75,75,75,75,75,66,66,66,
12,12,3,3,3,3,3,3,3,3,3,3,3,3,3,3,3,3,3,3,3,12,12,12,12,12,12,12,12,12,12,12,12,12,12,12,12,12,12,12,12,12,12,12,12,12,12,12,12,12,12,12,12,12,12,12,12,12,12,30,30,30,30,30,30,30,30,30,30,30,30,30,30,30,30,30,30,30,30,30,30,30,30,30,30,38,38,38,38,38,48,48,48,48,48,48,48,48,48,48,48,48,48,48,48,48,48,48,48,48,48,57,57,57,57,57,57,57,57,57,57,57,57,57,57,57,57,57,57,57,57,57,57,57,57,57,57,57,57,57,66,66,66,66,66,66,65,65,65,65,65,75,75,75,75,75,75,75,75,75,75,75,75,75,75,75,75,75,75,75,75,75,75,75,75,75,75,66,66,66,
12,12,3,3,3,3,3,3,3,3,3,3,3,3,3,3,3,3,3,3,3,12,12,12,12,12,12,12,12,12,12,12,12,12,12,12,12,12,12,12,12,12,12,12,12,12,12,12,12,12,12,12,12,12,12,12,12,12,12,30,30,30,30,30,30,30,30,30,30,30,30,30,30,30,30,30,30,30,30,30,30,30,30,30,30,30,38,38,38,38,48,48,48,48,48,48,48,48,48,48,48,48,48,48,48,48,48,48,48,48,48,48,57,57,57,57,57,57,57,57,57,57,57,57,57,57,57,57,57,57,57,57,57,57,57,57,57,57,57,57,66,66,66,66,66,66,65,65,65,65,75,75,75,75,75,75,75,75,75,75,75,75,75,75,75,75,75,75,75,75,75,75,75,75,75,75,75,66,66,66,
12,12,3,3,3,3,3,3,3,3,3,3,3,3,3,3,3,3,3,3,3,12,12,12,12,12,12,12,12,12,12,12,12,12,12,12,12,12,12,12,12,12,12,12,12,12,12,12,12,12,12,12,12,12,12,12,12,12,12,30,30,30,30,30,30,30,30,30,30,30,30,30,30,30,30,30,30,30,30,30,30,30,30,30,30,30,30,38,38,48,48,48,48,48,48,48,48,48,48,48,48,48,48,48,48,48,48,48,48,48,48,48,57,57,57,57,57,57,57,57,57,57,57,57,57,57,57,57,57,57,57,57,57,57,57,57,57,57,57,57,66,66,66,66,66,66,65,65,75,75,75,75,75,75,75,75,75,75,75,75,75,75,75,75,75,75,75,75,75,75,75,75,75,75,75,75,75,66,66,66,
12,12,3,3,3,3,3,3,3,3,3,3,3,3,3,3,3,3,3,3,3,12,12,12,12,12,12,12,12,12,12,12,12,12,12,12,12,12,12,12,12,12,12,12,12,12,12,12,12,12,12,12,12,12,12,12,12,12,12,30,30,30,30,30,30,30,30,30,30,30,30,30,30,30,30,30,30,30,30,30,30,30,30,30,30,30,30,48,48,48,48,48,48,48,48,48,48,48,48,48,48,48,48,48,48,48,48,48,48,48,48,48,48,57,57,57,57,57,57,57,57,57,57,57,57,57,57,57,57,57,57,57,57,57,57,57,57,57,57,57,66,66,66,66,66,66,75,75,75,75,75,75,75,75,75,75,75,75,75,75,75,75,75,75,75,75,75,75,75,75,75,75,75,75,75,75,75,66,66,66,
12,12,3,3,3,3,3,3,3,3,3,3,3,3,3,3,3,3,3,3,3,12,12,12,12,12,12,12,12,12,12,12,12,12,12,12,12,12,12,12,12,12,12,12,12,12,12,12,12,12,12,12,12,12,12,12,12,12,30,30,30,30,30,30,30,30,30,30,30,30,30,30,30,30,30,30,30,30,30,30,30,30,30,30,30,30,30,48,48,48,48,48,48,48,48,48,48,48,48,48,48,48,48,48,48,48,48,48,48,48,48,48,48,57,57,57,57,57,57,57,57,57,57,57,57,57,57,57,57,57,57,57,57,57,57,57,57,57,57,57,66,66,66,66,66,66,67,75,75,75,75,75,75,75,75,75,75,75,75,75,75,75,75,75,75,75,75,75,75,75,75,75,75,75,75,75,75,66,66,66,
12,12,3,3,3,3,3,3,3,3,3,3,3,3,3,3,3,3,3,3,3,12,12,12,12,12,12,12,12,12,12,12,12,12,12,12,12,12,12,12,12,12,12,12,12,12,12,12,12,12,12,12,12,12,12,12,12,12,30,30,30,30,30,30,30,30,30,30,30,30,30,30,30,30,30,30,30,30,40,40,40,40,40,48,30,48,48,48,48,48,48,48,48,48,48,48,48,48,48,48,48,48,48,48,48,48,48,48,48,48,48,48,39,39,57,49,49,49,49,49,49,49,49,49,49,57,57,57,57,57,57,57,57,57,57,57,57,57,57,57,66,66,66,66,66,66,67,75,75,75,75,75,75,75,75,75,75,75,75,75,75,75,75,75,75,75,75,75,75,75,75,75,75,75,75,75,75,66,66,66,
12,12,3,3,3,3,3,3,3,3,3,3,3,3,3,3,3,3,3,3,3,12,12,12,12,12,12,12,12,12,12,12,12,12,12,12,12,12,12,12,12,12,12,12,12,12,12,12,12,12,12,12,12,12,12,12,12,12,30,30,30,30,30,30,30,30,30,30,30,30,30,30,30,30,30,30,30,40,40,40,40,40,40,40,48,48,48,48,48,48,48,48,48,48,48,48,48,48,48,48,48,48,48,48,48,48,48,48,48,48,39,39,39,39,39,49,49,49,49,49,49,49,49,49,49,49,57,57,57,57,57,57,57,57,57,57,57,57,57,66,66,66,66,66,66,66,67,67,67,75,75,75,75,75,75,75,75,75,75,75,75,75,75,75,75,75,75,75,75,75,75,75,75,75,75,75,75,66,66,66,
12,12,3,3,3,3,3,3,3,3,3,3,3,3,3,3,3,3,3,3,3,12,12,12,12,12,12,12,12,12,12,12,12,12,12,12,12,12,12,12,12,12,12,12,12,12,12,12,12,12,12,12,12,12,12,12,12,12,30,30,30,30,30,30,30,30,30,30,30,30,30,30,30,30,30,30,30,40,40,40,40,40,40,40,48,48,48,48,48,48,48,48,48,48,48,48,48,48,48,48,48,48,48,48,48,48,48,48,48,39,39,39,39,39,39,49,49,49,49,49,49,49,49,49,49,49,49,57,57,57,57,57,57,57,57,57,58,58,58,66,66,66,66,66,66,66,67,67,67,67,75,75,75,75,75,75,75,75,75,75,75,75,75,75,75,75,75,75,75,75,75,75,75,75,75,75,75,66,66,66,
12,12,3,3,3,3,3,3,3,3,3,3,3,3,3,3,3,3,3,3,3,12,12,12,12,12,12,12,12,12,12,12,12,12,12,12,12,12,12,12,12,12,12,12,12,12,12,12,12,12,12,12,12,12,12,12,12,12,30,30,30,30,30,30,30,30,30,30,30,30,30,30,30,30,30,30,30,40,40,40,40,40,40,40,48,48,48,48,48,48,48,48,48,48,48,48,48,48,48,48,48,48,48,48,48,48,48,48,48,39,39,39,39,39,39,49,49,49,49,49,49,49,49,49,49,49,49,57,57,57,57,57,57,58,58,58,58,58,58,58,66,66,66,66,66,66,67,67,67,67,67,67,75,75,75,75,75,75,75,75,75,75,75,75,75,75,75,75,75,75,75,75,75,75,75,75,75,66,66,66,
12,12,3,3,3,3,3,3,3,3,3,3,3,3,3,3,3,3,3,3,3,12,12,12,12,12,12,12,12,12,12,12,12,12,12,12,12,12,12,12,12,12,12,12,12,12,12,12,12,12,12,12,12,12,12,12,12,12,30,30,30,30,30,30,30,30,30,30,30,30,30,30,30,30,30,30,30,40,40,40,40,40,40,40,48,48,48,48,48,48,48,48,48,48,48,48,48,48,48,48,48,48,48,48,48,48,48,48,48,39,39,39,39,39,39,49,49,49,49,49,49,49,49,49,49,49,49,58,57,57,58,58,58,58,58,58,58,58,58,58,66,66,66,66,66,66,67,67,67,67,67,67,67,75,75,75,75,75,75,75,75,75,75,75,75,75,75,75,75,75,75,75,75,75,75,75,75,66,66,66,
12,12,3,3,3,3,3,3,3,3,3,3,3,3,3,3,3,3,3,3,3,12,12,12,12,12,12,12,12,12,12,12,12,12,12,12,12,12,12,12,12,12,12,12,12,12,12,12,12,12,12,12,12,12,12,12,12,12,30,30,30,30,30,30,30,30,30,30,30,30,30,30,30,30,30,30,30,40,40,40,40,40,40,40,48,48,48,48,48,48,48,48,48,48,48,48,48,48,48,48,48,48,48,48,48,48,48,48,48,39,39,39,39,39,39,49,49,49,49,49,49,49,49,49,49,49,49,57,58,58,58,58,58,58,58,58,58,58,58,58,66,66,66,66,66,66,67,67,67,67,67,67,67,67,75,75,75,75,75,75,75,75,75,75,75,75,75,75,75,75,75,75,75,75,75,75,75,66,66,66,
12,12,3,3,3,3,3,3,3,3,3,3,3,3,3,3,3,3,3,3,3,12,12,12,12,12,12,12,12,12,12,12,12,12,12,12,12,12,12,12,12,12,12,12,12,12,12,12,12,12,12,12,12,12,12,12,12,30,30,30,30,30,30,30,30,30,30,30,30,30,30,30,30,30,30,30,48,40,40,40,40,40,40,48,48,48,48,48,48,48,48,48,48,48,48,48,48,48,48,48,48,48,48,48,48,48,48,48,39,39,39,39,39,39,49,49,49,49,49,49,49,49,49,49,49,49,49,58,58,58,58,58,58,58,58,58,58,58,58,58,66,66,66,66,66,66,67,67,67,67,67,67,67,67,67,75,75,75,75,75,75,75,75,75,75,75,75,75,75,75,75,75,75,75,75,75,75,66,66,66,
12,12,3,3,3,3,3,3,3,3,3,3,3,3,3,3,3,3,3,3,3,12,12,12,12,12,12,12,12,12,12,12,12,12,12,12,12,12,12,12,12,12,12,12,12,12,12,12,12,12,12,12,12,12,12,12,12,30,30,30,30,30,30,30,30,30,12,12,12,12,30,30,40,40,40,40,40,40,40,40,40,48,48,48,48,48,48,48,48,48,48,48,48,48,48,48,48,48,48,48,48,48,48,39,39,39,39,39,39,39,49,49,49,49,49,49,49,49,49,49,49,49,49,49,49,49,49,58,58,58,58,58,58,58,58,58,58,58,58,58,66,66,66,66,66,66,67,67,67,67,67,67,67,67,67,67,67,75,75,75,75,75,75,75,75,75,75,75,75,75,75,75,75,75,75,75,75,66,66,66,
12,12,3,3,3,3,3,3,3,3,3,3,3,3,3,3,3,3,3,3,3,12,12,12,12,12,12,12,12,12,12,12,12,12,12,12,12,12,12,12,12,12,12,12,12,12,12,12,12,12,12,12,12,12,12,12,12,12,30,30,30,30,30,30,30,12,12,12,12,12,12,40,40,40,40,40,40,40,40,48,48,48,48,48,48,48,48,48,48,48,48,48,48,48,48,48,48,48,48,48,48,48,39,39,39,39,39,39,39,49,49,49,49,49,49,49,49,49,49,49,49,49,49,49,49,49,49,58,58,58,58,58,58,58,58,58,58,58,58,58,66,66,66,66,66,66,67,67,67,67,67,67,67,67,67,67,67,67,75,75,75,75,75,75,75,75,75,75,75,75,75,75,75,75,75,75,75,66,66,66,
12,12,3,3,3,3,3,3,3,3,3,3,3,3,3,3,3,3,3,3,3,12,12,12,12,12,12,12,12,12,12,12,12,12,12,12,12,12,12,12,12,12,12,12,12,12,12,12,12,12,12,12,12,12,12,12,12,12,30,30,30,30,30,30,30,12,12,12,12,12,12,40,40,40,40,40,40,40,48,48,48,48,48,48,48,48,48,48,48,48,48,48,48,48,48,48,48,48,48,48,48,48,39,39,39,39,39,39,39,49,49,49,49,49,49,49,49,49,49,49,49,49,49,49,49,49,49,58,58,58,58,58,58,58,58,58,58,58,58,58,66,66,66,66,66,66,67,67,67,67,67,67,67,67,67,67,67,67,67,75,75,75,75,75,75,75,75,75,75,75,75,75,75,75,75,75,66,66,66,66,
12,12,3,4,3,3,3,3,3,3,3,3,3,3,3,3,3,3,3,3,12,12,12,12,12,12,12,12,12,12,12,12,12,12,12,12,12,12,12,12,12,12,12,12,12,12,12,12,12,12,12,12,12,12,12,12,12,12,12,30,30,30,30,30,30,12,12,12,12,12,12,40,40,40,40,40,40,40,31,31,48,48,48,48,48,48,48,48,48,48,48,48,48,48,48,48,48,48,48,48,48,48,39,39,39,39,39,39,39,49,49,49,49,49,49,49,49,49,49,49,49,49,49,49,49,49,49,58,58,58,58,58,58,58,58,58,58,58,58,58,66,66,66,66,66,66,67,67,67,67,67,67,67,67,67,67,67,67,67,67,75,75,75,75,75,75,75,75,75,75,75,75,76,76,76,76,66,66,66,66,
12,12,4,4,4,4,4,4,4,4,4,4,4,4,4,4,4,4,4,4,12,12,12,12,12,12,12,12,12,12,12,12,12,12,12,12,12,12,12,12,12,12,12,12,12,12,12,12,12,12,12,12,12,12,12,12,12,12,12,12,30,30,30,30,30,12,12,12,12,12,40,40,40,40,40,40,40,40,31,31,31,48,48,48,48,48,48,48,48,48,48,48,48,48,48,48,48,48,48,48,48,39,39,39,39,39,39,39,39,49,49,49,49,49,49,49,49,49,49,49,49,49,49,49,49,49,49,58,58,58,58,58,58,58,58,58,58,58,58,58,66,66,66,66,66,66,67,67,67,67,67,67,67,67,67,67,67,67,67,67,67,75,75,75,75,75,75,76,76,76,76,76,76,76,76,76,76,66,66,66,
12,12,4,4,4,4,4,4,4,4,4,4,4,4,4,4,4,4,4,4,4,12,12,12,12,12,12,12,12,12,12,12,12,12,12,12,12,12,12,12,12,12,12,12,12,12,12,12,12,12,12,12,12,12,12,12,12,12,12,12,30,30,30,30,12,31,31,31,31,31,31,31,40,40,40,40,40,31,31,31,31,48,48,48,48,48,48,48,48,48,48,48,48,48,48,48,48,49,49,49,49,49,49,39,39,39,39,39,49,49,49,49,49,49,49,49,49,49,49,49,49,49,49,49,49,49,49,58,58,58,58,58,58,58,58,58,58,58,58,58,66,66,66,66,66,66,67,67,67,67,67,67,67,67,67,67,67,67,67,67,67,67,75,76,76,76,76,76,76,76,76,76,76,76,76,76,76,66,66,66,
12,12,4,4,4,4,4,4,4,4,4,4,4,4,4,4,4,4,4,4,4,12,12,12,12,12,12,12,12,12,12,12,12,12,12,12,12,12,12,12,12,12,12,12,12,12,12,12,12,12,12,12,12,12,12,12,12,12,12,30,40,40,40,40,40,31,31,31,31,31,31,31,31,31,31,31,31,31,31,31,31,31,48,48,48,48,48,48,48,48,48,40,40,40,40,40,49,49,49,49,49,49,49,49,49,49,49,49,49,49,49,49,49,49,49,49,49,49,49,49,49,49,49,49,49,49,49,58,58,58,58,58,58,58,58,58,58,58,58,58,66,66,66,66,66,66,67,67,67,67,67,67,67,67,67,67,67,67,67,67,67,67,76,76,76,76,76,76,76,76,76,76,76,76,76,76,76,66,66,66,
12,12,4,4,4,4,4,4,4,4,4,4,4,4,4,4,4,4,4,4,4,12,12,12,12,12,12,12,12,12,12,12,12,12,12,12,12,12,12,12,12,12,12,12,12,12,12,12,12,12,12,12,12,12,12,12,12,12,12,40,40,40,40,40,40,31,31,31,31,31,31,31,31,31,31,31,31,31,31,31,31,31,48,48,48,48,48,48,48,48,40,40,40,40,40,40,41,49,49,49,49,49,49,49,49,49,49,49,49,49,49,49,49,49,49,49,49,49,49,49,49,49,49,49,49,49,49,58,58,58,58,58,58,58,58,58,58,58,58,58,66,66,66,66,66,66,67,67,67,67,67,67,67,67,67,67,67,67,67,67,67,67,76,76,76,76,76,76,76,76,76,76,76,76,76,76,76,66,66,66,
12,12,4,4,4,4,4,4,4,4,4,4,4,4,4,4,4,4,4,4,4,12,12,12,12,12,12,12,12,12,12,12,12,12,12,12,12,12,12,12,12,12,12,12,12,12,12,12,12,12,12,12,12,12,12,12,12,12,12,40,40,40,40,40,40,31,31,31,31,31,31,31,31,31,31,31,31,31,31,31,31,31,31,48,48,48,48,48,48,48,40,40,40,40,40,40,41,41,41,49,49,49,49,49,49,49,49,49,49,49,49,49,49,49,49,49,49,49,49,49,49,49,49,49,49,49,49,58,58,58,58,58,58,58,58,58,58,58,58,58,66,66,66,66,66,66,67,67,67,67,67,67,67,67,67,67,67,67,67,67,67,67,76,76,76,76,76,76,76,76,76,76,76,76,76,76,76,66,66,66,
12,12,4,4,4,4,4,4,4,4,4,4,4,4,4,4,4,4,4,4,4,12,12,12,12,12,12,12,12,12,12,12,12,12,12,12,12,12,12,12,12,12,12,12,12,12,12,12,12,12,12,12,12,12,12,12,12,12,12,40,40,40,40,40,40,31,31,31,31,31,31,31,31,31,31,31,31,31,31,31,31,31,31,31,48,48,48,48,48,48,40,40,40,40,40,40,41,41,41,41,49,49,49,49,49,49,49,49,49,49,49,49,49,49,49,49,49,49,49,49,49,49,49,49,49,49,49,58,58,58,58,58,58,58,58,58,58,58,58,58,66,66,66,66,66,66,67,67,67,67,67,67,67,67,67,67,67,67,67,67,67,76,76,76,76,76,76,76,76,76,76,76,76,76,76,76,76,66,66,66,
12,12,4,4,4,4,4,4,4,4,4,4,4,4,4,4,4,4,4,4,4,12,12,12,12,12,12,12,12,12,12,12,12,12,12,12,12,12,12,12,12,12,12,12,12,12,12,12,12,12,12,12,12,12,12,12,12,12,12,40,40,40,40,40,40,31,31,31,31,31,31,31,31,31,31,31,31,31,31,31,31,31,31,31,48,48,48,48,48,48,40,40,40,40,40,40,41,41,41,41,49,49,49,49,49,49,49,49,49,49,49,49,49,49,49,49,49,49,49,49,49,49,49,49,49,49,49,58,58,58,58,58,58,58,58,58,58,58,58,58,66,66,66,66,66,66,67,67,67,67,67,67,67,67,67,67,67,67,67,67,67,76,76,76,76,76,76,76,76,76,76,76,76,76,76,76,76,66,66,66,
12,12,4,4,4,4,4,4,4,4,4,4,4,4,4,4,4,4,4,4,4,12,12,12,12,12,12,12,12,12,12,12,12,12,12,12,12,12,12,12,12,12,12,12,12,12,12,12,12,12,12,12,12,12,12,12,12,12,31,31,31,40,40,40,31,31,31,31,31,31,31,31,31,31,31,31,31,31,31,31,31,31,31,41,48,48,48,48,48,41,41,40,40,40,40,41,41,41,41,41,41,49,49,49,49,49,49,49,49,49,49,49,49,49,49,49,49,49,49,49,49,49,49,49,49,49,49,58,58,58,58,58,58,58,58,58,58,58,58,58,58,66,66,66,66,67,67,67,67,67,67,67,67,67,67,67,67,67,67,67,67,76,76,76,76,76,76,76,76,76,76,76,76,76,76,76,76,66,66,66,
12,12,4,4,4,4,4,4,4,4,4,4,4,4,4,4,4,4,4,4,4,12,12,12,12,12,12,12,12,12,12,12,12,12,12,12,12,12,12,12,12,12,12,12,12,12,12,12,12,12,12,31,12,31,31,31,31,31,31,31,31,31,31,31,31,31,31,31,31,31,31,31,31,31,31,31,31,31,40,40,40,40,40,48,41,41,41,41,41,41,41,41,41,41,41,41,41,41,41,41,41,41,41,49,49,49,49,49,49,49,49,49,49,49,49,49,49,49,49,49,49,49,49,49,49,49,49,58,58,58,58,58,58,58,58,58,58,58,58,58,58,58,58,58,58,67,67,67,67,67,67,67,67,67,67,67,67,67,67,67,76,76,76,76,76,76,76,76,76,76,76,76,76,76,76,76,76,66,66,66,
12,12,4,4,4,4,4,4,4,4,4,4,4,4,4,4,4,4,4,4,4,12,12,12,12,12,12,12,12,12,12,12,12,12,12,12,12,12,12,12,12,12,12,12,12,12,12,12,12,12,12,12,31,31,31,31,31,31,31,31,31,31,31,31,31,31,31,31,31,31,31,31,31,31,31,31,31,40,40,40,40,40,40,40,41,41,41,41,41,41,41,41,41,41,41,41,41,41,41,41,41,41,41,49,49,49,49,49,49,49,49,49,49,49,49,49,49,49,49,49,49,49,49,49,49,49,49,58,58,58,58,58,58,58,58,58,58,58,58,58,58,58,58,58,58,58,67,67,67,67,67,67,67,67,67,67,67,67,67,67,76,76,76,76,76,76,76,76,76,76,76,76,76,76,76,76,76,66,66,66,
12,12,4,4,4,4,4,4,4,4,4,4,4,4,4,4,4,4,4,4,4,12,12,12,12,12,12,12,12,12,12,12,12,12,12,12,12,12,12,12,12,12,12,12,12,12,12,12,12,12,12,12,31,31,31,31,31,31,31,31,31,31,31,31,31,31,31,31,31,31,31,31,31,31,31,31,31,40,40,40,40,40,40,40,41,41,41,41,41,41,41,41,41,41,41,41,41,41,41,41,41,41,41,41,49,49,49,49,49,49,49,49,49,49,49,49,49,49,49,49,49,49,49,49,49,49,49,58,58,58,58,58,58,58,58,58,58,58,58,58,58,58,58,58,58,58,67,67,67,67,67,67,67,67,67,67,67,67,67,67,76,76,76,76,76,76,76,76,76,76,76,76,76,76,76,76,76,66,66,66,
12,12,4,4,4,4,4,4,4,4,4,4,4,4,4,4,4,4,4,4,4,12,12,12,12,12,12,12,12,12,12,12,12,12,12,12,12,12,12,12,12,12,12,12,12,12,12,12,12,12,12,12,31,31,31,31,31,31,31,31,31,31,31,31,31,31,31,31,31,31,31,31,31,31,31,31,31,40,40,40,40,40,40,40,41,41,41,41,41,41,41,41,41,41,41,41,41,41,41,41,41,41,41,41,41,49,49,49,49,49,49,49,49,49,49,49,49,49,49,49,49,49,49,49,49,49,49,58,58,58,58,58,58,58,58,58,58,58,58,58,58,58,58,58,58,58,67,67,67,67,67,67,67,67,67,67,67,67,67,76,76,76,76,76,76,76,76,76,76,76,76,76,76,76,76,76,76,66,66,66,
12,12,4,4,4,4,4,4,4,4,4,4,4,4,4,4,4,4,4,4,4,12,12,12,12,12,12,12,12,12,12,12,12,12,12,12,12,12,12,12,12,12,12,12,12,12,12,12,12,12,12,12,31,31,31,31,31,31,31,31,31,31,31,31,31,31,31,31,31,31,31,31,31,31,31,31,31,40,40,40,40,40,40,40,41,41,41,41,41,41,41,41,41,41,41,41,41,41,41,41,41,41,41,41,41,49,49,49,49,49,49,49,49,49,49,49,49,49,49,49,49,49,49,49,49,49,49,58,58,58,58,58,58,58,58,58,58,58,58,58,58,58,58,58,58,58,67,67,67,67,67,67,67,67,67,67,67,67,67,76,76,76,76,76,76,76,76,76,76,76,76,76,76,76,76,76,76,66,66,66,
12,12,4,4,4,4,4,4,4,4,4,4,4,4,4,4,4,4,4,4,4,12,12,12,12,12,12,12,12,12,12,12,12,12,12,12,12,12,12,12,12,12,12,12,12,31,31,12,12,12,12,31,31,31,31,31,31,31,31,31,31,31,31,31,31,31,31,31,31,31,31,31,31,31,31,31,40,40,40,40,40,40,40,41,41,41,41,41,41,41,41,41,41,41,41,41,41,41,41,41,41,41,41,41,41,41,49,49,49,49,49,49,49,49,49,49,49,49,49,49,49,49,49,49,49,49,49,58,58,58,58,58,58,58,58,58,58,58,58,58,58,58,58,58,58,58,67,67,67,67,67,67,67,67,67,67,67,67,67,76,76,76,76,76,76,76,76,76,76,76,76,76,76,76,76,76,76,66,66,66,
12,12,4,4,4,4,4,4,4,4,4,4,4,4,4,4,4,4,4,4,4,12,12,12,12,12,12,12,12,12,12,12,12,12,12,12,12,12,12,12,31,31,31,31,31,31,31,31,31,31,31,31,31,31,31,31,31,31,31,31,31,31,31,31,31,31,31,31,31,31,31,31,40,40,40,40,40,40,40,41,41,41,41,41,41,41,41,41,41,41,41,41,41,41,41,41,41,41,41,41,41,41,41,41,41,41,41,49,49,49,49,49,49,49,49,49,49,49,49,49,49,49,49,49,49,49,49,58,58,58,58,58,58,58,58,58,58,58,58,58,58,58,58,58,58,58,67,67,67,67,67,67,67,67,67,67,67,67,76,76,76,76,76,76,76,76,76,76,76,76,76,76,76,76,76,76,76,66,66,66,
12,12,4,4,4,4,4,4,4,4,4,4,4,4,4,4,4,4,4,4,4,12,12,12,12,12,12,12,12,12,12,12,12,12,12,12,12,12,12,12,31,31,31,31,31,31,31,31,31,31,31,31,31,31,31,31,31,31,31,31,31,31,31,31,31,31,31,31,31,31,31,40,40,40,40,40,40,41,41,41,41,41,41,41,41,41,41,41,41,41,41,41,41,41,41,41,41,41,41,41,41,41,41,41,41,41,41,49,49,49,49,49,49,49,49,49,49,49,49,49,49,49,49,49,49,49,49,58,58,58,58,58,58,58,58,58,58,58,58,58,58,58,58,58,58,58,67,67,67,67,67,67,67,67,67,67,67,67,76,76,76,76,76,76,76,76,76,76,76,76,76,76,76,76,76,76,76,66,66,66,
12,12,4,4,4,4,4,4,4,4,4,4,4,4,4,4,4,4,4,4,4,12,12,12,12,12,12,12,12,12,12,12,12,12,12,12,12,12,12,12,31,31,31,31,31,31,31,31,31,31,31,31,31,31,31,31,31,31,31,31,31,31,31,31,31,31,31,31,31,31,31,40,40,40,40,40,40,41,41,41,41,41,41,41,41,41,41,41,41,41,41,41,41,41,41,41,41,41,41,41,41,41,41,41,41,41,41,50,50,50,50,50,50,50,49,49,49,49,49,49,49,49,49,49,49,49,49,58,58,58,58,58,58,58,58,58,58,58,58,58,58,58,58,58,58,58,67,67,67,67,67,67,67,67,67,67,67,67,76,76,76,76,76,76,76,76,76,76,76,76,76,76,76,76,76,76,76,66,66,66,
12,12,4,4,4,4,4,4,4,4,4,4,4,4,4,4,4,4,4,4,4,12,12,12,12,12,12,12,12,12,12,12,12,12,12,12,12,12,12,12,31,31,31,31,31,31,31,31,31,31,31,31,31,31,31,31,31,31,31,31,31,31,31,31,31,31,31,31,31,31,31,40,40,40,40,40,40,41,41,41,41,41,41,41,41,41,41,41,41,41,41,41,41,41,41,41,41,41,41,41,41,41,41,41,41,41,41,50,50,50,50,50,50,50,50,50,50,50,50,50,50,49,49,49,49,49,49,58,58,58,58,58,58,58,58,58,58,58,58,58,58,58,58,58,58,58,67,67,67,67,67,67,67,67,67,67,67,68,76,76,76,76,76,76,76,76,76,76,76,76,76,76,76,76,76,76,76,77,77,77,
12,12,4,4,4,4,4,4,4,4,4,4,4,4,4,4,4,4,4,4,4,12,12,12,12,12,12,12,12,12,12,12,12,12,12,12,12,12,12,12,31,31,31,31,31,31,31,31,31,31,31,31,31,31,31,31,31,31,31,31,31,31,31,31,31,31,31,31,31,31,31,40,40,40,40,40,40,41,41,41,41,41,41,41,41,41,41,41,41,41,41,41,41,41,41,41,41,41,41,41,41,41,41,41,41,41,41,50,50,50,50,50,50,50,50,50,50,50,50,50,50,49,49,49,49,49,49,58,58,58,58,58,58,58,58,58,58,58,58,58,58,58,58,58,58,58,68,67,67,67,67,67,68,68,68,68,68,68,68,76,76,76,76,76,76,76,76,76,76,76,76,76,76,76,76,76,76,77,77,77,
12,12,4,4,4,4,4,4,4,4,4,4,4,4,4,4,4,4,4,4,12,12,12,12,12,12,12,12,12,12,12,12,12,12,12,12,12,12,12,12,31,31,31,31,31,31,31,31,31,31,31,31,31,31,31,31,31,31,31,31,31,31,31,31,31,31,31,31,31,31,32,32,40,40,40,40,32,32,32,41,41,41,41,41,41,41,41,41,41,41,41,41,41,41,41,41,41,41,41,41,41,41,41,41,41,41,50,50,50,50,50,50,50,50,50,50,50,50,50,50,50,50,49,49,49,49,58,58,58,58,58,58,58,58,58,58,58,58,58,58,58,58,58,58,58,58,67,68,68,68,68,68,68,68,68,68,68,68,68,68,68,76,76,76,76,76,76,76,76,76,76,76,76,76,76,76,77,77,77,77,
12,12,4,4,4,4,4,4,4,4,4,4,4,5,5,5,5,5,5,5,12,12,12,12,12,12,12,12,12,12,12,12,12,12,12,12,12,12,12,12,31,31,31,31,31,31,31,31,31,31,31,31,31,31,31,31,31,31,31,31,31,31,31,31,31,31,32,32,32,32,32,32,32,32,32,32,32,32,32,32,41,41,41,41,41,41,41,41,41,41,41,41,41,41,41,41,41,41,41,41,41,41,41,41,41,41,50,50,50,50,50,50,50,50,50,50,50,50,50,50,50,50,50,50,50,50,58,59,59,58,58,58,58,58,58,58,58,58,58,58,58,58,58,58,58,58,68,68,68,68,68,68,68,68,68,68,68,68,68,68,68,68,68,76,76,76,76,76,76,76,76,76,76,76,76,76,77,77,77,77,
12,12,5,5,5,5,5,5,5,5,5,5,5,5,5,5,5,5,5,5,5,12,12,12,12,12,12,12,12,12,12,12,12,12,12,12,12,12,12,12,12,12,31,31,31,31,31,31,31,31,31,31,31,31,31,31,31,31,31,31,31,31,31,31,32,32,32,32,32,32,32,32,32,32,32,32,32,32,32,32,41,41,41,41,41,41,41,41,41,41,41,41,41,41,41,41,41,41,41,41,41,41,41,41,41,50,50,50,50,50,50,50,50,50,50,50,50,50,50,50,50,50,50,50,50,50,50,59,59,59,59,59,59,58,58,58,58,58,58,58,58,58,58,58,58,58,68,68,68,68,68,68,68,68,68,68,68,68,68,68,68,68,68,68,68,76,76,76,76,76,76,76,76,76,76,76,77,77,77,77,
12,12,5,5,5,5,5,5,5,5,5,5,5,5,5,5,5,5,5,5,5,12,12,12,12,12,12,12,12,12,12,12,12,12,12,12,12,12,12,12,12,12,31,31,31,31,31,31,31,31,31,31,31,31,31,31,31,31,31,31,31,31,31,31,32,32,32,32,32,32,32,32,32,32,32,32,32,32,32,32,32,41,41,41,41,41,41,41,41,41,41,41,41,41,41,41,41,41,41,41,41,41,41,41,41,50,50,50,50,50,50,50,50,50,50,50,50,50,50,50,50,50,50,50,50,50,50,59,59,59,59,59,59,58,58,58,58,58,58,58,58,58,58,58,58,58,68,68,68,68,68,68,68,68,68,68,68,68,68,68,68,68,68,68,68,68,76,76,76,76,76,76,76,76,76,76,77,77,77,77,
12,12,5,5,5,5,5,5,5,5,5,5,5,5,5,5,5,5,5,5,5,12,12,12,12,12,12,12,12,12,12,12,12,12,12,12,12,12,12,12,12,12,31,31,31,31,31,31,31,31,31,31,31,31,31,31,31,31,31,31,31,31,31,31,32,32,32,32,32,32,32,32,32,32,32,32,32,32,32,32,32,41,41,41,41,41,41,41,41,41,41,41,41,41,41,41,41,41,41,41,41,41,41,41,41,50,50,50,50,50,50,50,50,50,50,50,50,50,50,50,50,50,50,50,50,50,50,59,59,59,59,59,59,59,58,58,58,58,58,58,58,58,58,58,58,58,68,68,68,68,68,68,68,68,68,68,68,68,68,68,68,68,68,68,68,68,68,68,76,76,76,76,76,76,76,76,77,77,77,77,
12,12,5,5,5,5,5,5,5,5,5,5,5,5,5,5,5,5,5,5,5,12,12,12,12,12,12,12,12,12,12,12,12,12,12,12,12,12,12,12,12,31,31,31,31,31,31,31,31,31,31,31,31,31,31,31,31,31,31,31,31,31,31,31,32,32,32,32,32,32,32,32,32,32,32,32,32,32,32,32,32,41,41,41,41,41,41,41,41,41,41,41,41,41,41,41,41,41,41,41,41,41,41,41,50,50,50,50,50,50,50,50,50,50,50,50,50,50,50,50,50,50,50,50,50,50,50,59,59,59,59,59,59,59,58,58,58,58,58,58,58,58,58,58,58,58,68,68,68,68,68,68,68,68,68,68,68,68,68,68,68,68,68,68,68,68,68,68,68,68,76,76,76,76,76,76,77,77,77,77,
12,12,5,5,5,5,5,5,5,5,5,5,5,5,5,5,5,5,5,5,5,12,12,12,12,12,12,12,12,12,12,12,12,12,12,12,12,12,12,12,12,31,31,31,31,31,31,31,31,31,31,31,31,31,31,31,31,31,31,31,31,31,31,32,32,32,32,32,32,32,32,32,32,32,32,32,32,32,32,32,32,32,41,41,41,41,41,41,41,41,41,41,41,41,41,41,41,41,41,41,41,41,41,41,50,50,50,50,50,50,50,50,50,50,50,50,50,50,50,50,50,50,50,50,50,50,50,59,59,59,59,59,59,59,58,58,58,58,58,58,58,58,58,58,58,58,68,68,68,68,68,68,68,68,68,68,68,68,68,68,68,68,68,68,68,68,68,68,68,68,68,68,76,76,76,77,77,77,77,77,
12,12,5,5,5,5,5,5,5,5,5,5,5,5,5,5,5,5,5,5,5,5,12,12,12,12,5,5,12,12,12,12,12,12,12,12,12,12,12,12,12,12,31,31,31,31,31,31,31,31,31,31,31,31,31,31,31,31,31,32,32,32,32,32,32,32,32,32,32,32,32,32,32,32,32,32,32,32,32,32,32,32,41,41,41,41,41,41,41,41,41,41,41,41,41,41,41,41,41,41,41,41,41,50,50,50,50,50,50,50,50,50,50,50,50,50,50,50,50,50,50,50,50,50,50,50,50,59,59,59,59,59,59,59,60,60,60,58,58,58,58,58,58,58,58,68,68,68,68,68,68,68,68,68,68,68,68,68,68,68,68,68,68,68,68,68,68,68,68,68,68,68,68,68,77,77,77,77,77,77,
12,12,5,5,5,5,5,5,5,5,5,5,5,5,5,5,5,5,5,5,5,5,5,5,5,5,5,5,5,12,12,12,12,12,12,12,12,12,12,12,12,12,12,12,12,12,12,12,12,12,12,12,12,12,12,12,12,32,32,32,32,32,32,32,32,32,32,32,32,32,32,32,32,32,32,32,32,32,32,32,32,32,32,41,41,41,41,41,41,41,41,41,41,41,41,41,41,41,41,41,41,41,41,50,50,50,50,50,50,50,50,50,50,50,50,50,50,50,50,50,50,50,50,50,50,50,50,59,59,59,59,59,59,59,60,60,60,60,60,58,58,59,59,59,59,68,68,68,68,68,68,68,68,68,68,68,68,68,68,68,68,68,68,68,68,68,68,68,68,68,68,68,68,68,77,77,77,77,77,77,
12,12,5,5,5,5,5,5,5,5,5,5,5,5,5,5,5,5,5,5,5,5,5,5,5,5,5,5,5,12,12,12,12,12,12,12,12,12,12,12,12,12,12,12,12,12,12,12,12,12,12,12,12,12,12,12,12,12,32,32,32,32,32,32,32,32,32,32,32,32,32,32,32,32,32,32,32,32,32,32,32,32,32,41,41,41,41,41,41,41,41,41,41,41,41,41,41,41,41,41,41,41,41,50,50,50,50,50,50,50,50,50,50,50,50,50,50,50,50,50,50,50,50,50,50,50,50,59,59,59,59,59,59,59,60,60,60,60,60,60,59,59,59,59,59,59,68,68,68,68,68,68,68,68,68,68,68,68,68,68,68,68,68,68,68,68,68,68,68,68,68,68,68,68,77,77,77,77,77,77,
12,12,5,5,5,5,5,5,5,5,5,5,5,5,5,5,5,5,5,5,5,5,5,5,5,5,5,5,5,12,12,12,12,12,12,12,12,12,12,12,12,12,12,12,12,12,12,12,12,12,12,12,12,12,12,12,12,12,32,32,32,32,32,32,32,32,32,32,32,32,32,32,32,32,32,32,32,32,32,32,32,32,32,32,41,41,41,41,41,41,41,41,41,41,41,41,41,41,41,41,41,41,50,50,50,50,50,50,50,50,50,50,50,50,50,50,50,50,50,50,50,50,50,50,50,50,50,59,59,59,59,59,59,59,60,60,60,60,60,60,59,59,59,59,59,59,68,68,68,68,68,68,68,68,68,68,68,68,68,68,68,68,68,68,68,68,68,68,68,68,68,68,68,68,77,77,77,77,77,77,
12,12,5,5,5,5,5,5,5,5,5,5,5,5,5,5,5,5,5,5,5,5,5,5,5,5,5,5,12,12,12,12,12,12,12,12,12,12,12,12,12,12,12,12,12,12,12,12,12,12,12,12,12,12,12,12,12,12,32,32,32,32,32,32,32,32,32,32,32,32,32,32,32,32,32,32,32,32,32,32,32,32,32,32,41,41,41,41,41,41,41,41,41,41,41,41,41,41,41,41,41,41,50,50,50,50,50,50,50,50,50,50,50,50,50,50,50,50,50,50,50,50,50,50,50,50,50,59,59,59,59,59,59,59,60,60,60,60,60,60,59,59,59,59,59,59,68,68,68,68,68,68,68,68,68,68,68,68,68,68,68,68,68,68,68,68,68,68,68,68,68,68,68,68,77,77,77,77,77,77,
12,12,5,5,5,5,5,5,5,5,5,5,5,5,5,5,5,5,5,5,5,5,5,5,5,5,5,5,12,12,12,12,12,12,12,12,12,12,12,12,12,12,12,12,12,12,12,12,12,12,12,12,12,12,12,12,12,12,32,32,32,32,32,32,32,32,32,32,32,32,32,32,32,32,32,32,32,32,32,32,32,32,32,32,32,41,41,41,41,41,41,41,41,41,41,41,41,41,41,41,41,41,50,50,50,50,50,50,50,50,50,50,50,50,50,50,50,50,50,50,50,50,50,50,50,50,50,59,59,59,59,59,59,59,60,60,60,60,60,60,59,59,59,59,59,59,68,68,68,68,68,68,68,68,68,68,68,68,68,68,68,68,68,68,68,68,68,68,68,68,68,68,68,68,77,77,77,77,77,77,
12,12,5,5,5,5,5,5,5,5,5,5,5,5,5,5,5,5,5,5,5,5,5,5,5,5,5,12,12,12,12,12,12,12,12,12,12,12,12,12,12,12,12,12,12,12,12,12,12,12,12,12,12,12,12,12,12,12,32,32,32,32,32,32,32,32,32,32,32,32,32,32,32,32,32,32,32,32,32,32,32,32,32,32,32,41,41,41,41,41,41,41,41,41,41,41,41,41,41,41,41,50,50,50,50,50,50,50,50,50,50,50,50,50,50,50,50,50,50,50,50,50,50,50,50,50,50,59,59,59,59,59,59,59,60,60,60,60,60,60,59,59,59,59,59,59,68,68,68,68,68,68,68,68,68,68,68,68,68,68,68,68,68,68,68,68,68,68,68,68,68,68,68,68,77,77,77,77,77,77,
12,12,5,5,5,5,5,5,5,5,5,5,5,5,5,5,5,5,5,5,5,5,5,5,5,5,5,12,12,12,12,12,12,12,12,12,12,12,12,12,12,12,12,12,12,12,12,12,12,12,12,12,12,12,12,12,12,12,12,32,32,32,32,32,32,32,32,32,32,32,32,32,32,32,32,32,32,32,32,32,32,32,32,32,32,41,41,41,41,41,41,41,41,41,41,41,41,41,41,41,41,50,50,50,50,50,50,50,50,50,50,50,50,50,50,50,50,50,50,50,50,50,50,50,50,50,50,59,59,59,59,59,59,59,60,60,60,60,60,60,59,59,59,59,59,59,68,68,68,68,68,68,68,68,68,68,68,68,68,68,68,68,68,68,68,68,68,68,68,68,68,68,68,68,77,77,77,77,77,77,
12,12,5,5,5,5,5,5,5,5,5,5,5,5,5,5,5,5,5,5,5,5,5,5,5,5,12,12,12,12,12,12,12,12,12,12,12,12,12,12,12,12,12,12,12,12,12,12,12,12,12,12,12,12,12,12,12,12,12,12,32,32,32,32,32,32,32,32,32,32,32,32,32,32,32,32,32,32,32,32,32,32,32,32,32,32,41,41,41,41,41,41,41,41,41,41,41,41,41,41,50,50,50,50,50,50,50,50,50,50,50,50,50,50,50,50,50,50,50,50,50,50,50,50,50,50,50,59,59,59,59,59,59,60,60,60,60,60,60,60,59,59,59,59,59,59,68,68,68,68,68,68,68,68,68,68,68,68,68,68,68,68,68,68,68,68,68,68,68,68,68,68,68,68,77,77,77,77,77,77,
12,12,5,5,5,5,5,5,5,5,5,5,5,5,5,5,5,5,5,5,5,5,5,5,5,12,12,12,12,12,12,12,12,12,12,12,12,12,12,12,12,12,12,12,12,12,12,12,12,12,12,12,12,12,12,12,12,12,12,12,12,32,32,32,32,32,32,32,32,32,32,32,32,32,32,32,32,32,32,32,32,32,32,32,32,42,42,42,42,42,42,42,42,42,42,42,42,42,42,42,42,50,50,50,50,50,50,50,50,50,50,50,50,50,50,50,50,50,50,50,50,50,50,50,50,50,50,59,59,59,59,59,59,60,60,60,60,60,60,60,59,59,59,59,59,59,68,68,68,68,68,68,68,68,68,68,68,68,68,68,68,68,68,68,68,68,68,68,68,68,68,68,78,78,78,77,77,77,77,77,
12,12,5,5,5,5,5,5,5,5,5,5,5,5,5,5,5,5,5,5,5,5,5,5,5,12,12,12,12,12,12,12,12,12,12,12,12,12,12,12,12,12,12,12,12,12,12,12,12,12,12,12,12,12,12,12,12,12,12,12,12,32,32,32,32,32,32,32,32,32,32,32,32,32,32,32,32,32,32,32,32,32,32,32,42,42,42,42,42,42,42,42,42,42,42,42,42,42,42,42,42,42,50,50,50,50,50,50,50,50,50,50,50,50,50,50,50,50,50,50,50,50,50,50,50,50,50,59,59,59,59,59,59,60,60,60,60,60,60,60,59,59,59,59,59,59,68,68,68,68,68,68,68,68,68,68,68,68,68,68,68,68,68,68,68,68,68,68,68,68,78,78,78,78,78,78,77,77,77,77,
12,12,5,5,5,5,5,5,5,5,5,5,5,5,5,5,5,5,5,5,5,5,5,5,12,12,12,12,12,12,12,12,12,12,12,12,12,12,12,12,12,12,12,12,12,12,12,12,12,12,12,12,12,12,12,12,12,12,12,12,12,12,32,32,32,32,32,32,32,32,32,32,32,32,32,32,32,32,32,32,32,32,32,42,42,42,42,42,42,42,42,42,42,42,42,42,42,42,42,42,42,42,50,50,50,50,50,50,50,50,50,50,50,50,50,50,50,50,50,50,50,50,50,50,50,50,50,59,59,59,59,59,59,60,60,60,60,60,60,60,59,59,59,59,59,59,68,68,68,68,68,68,68,68,68,68,68,68,68,68,68,68,68,68,68,68,68,68,78,78,78,78,78,78,78,78,77,77,77,77,
12,12,12,5,5,5,5,5,5,5,5,5,5,5,5,5,5,5,5,5,5,5,5,12,12,12,12,12,12,12,12,12,12,12,12,12,12,12,12,12,12,12,12,12,12,12,12,12,12,12,12,12,12,12,12,12,12,12,12,12,12,12,32,32,32,32,32,32,32,32,32,32,32,32,32,32,32,32,32,32,32,32,32,42,42,42,42,42,42,42,42,42,42,42,42,42,42,42,42,42,42,42,42,50,50,50,50,50,50,50,50,50,50,50,50,50,50,50,50,50,50,50,50,50,50,50,59,59,59,59,59,59,60,60,60,60,60,60,60,60,59,59,59,59,59,59,69,68,68,68,68,68,68,68,68,68,68,68,68,68,68,68,68,68,68,68,68,78,78,78,78,78,78,78,78,78,77,77,77,77,
12,12,12,5,5,5,5,5,5,5,5,5,5,5,5,5,5,5,5,5,5,5,5,12,12,12,12,12,12,12,12,12,12,12,12,12,12,12,12,12,12,12,12,12,12,12,12,12,12,12,12,12,12,12,12,12,12,12,12,12,12,12,12,32,32,32,32,32,32,32,32,32,32,32,32,32,32,32,32,32,32,32,42,42,42,42,42,42,42,42,42,42,42,42,42,42,42,42,42,42,42,42,42,42,50,50,50,50,50,50,50,50,50,50,50,50,50,50,50,50,50,50,51,51,51,51,59,60,60,60,60,60,60,60,60,60,60,60,60,60,59,59,59,59,59,59,68,69,69,68,68,68,68,68,68,68,68,68,68,68,68,68,68,68,68,78,78,78,78,78,78,78,78,78,78,78,77,77,77,77,
12,12,12,6,6,6,6,6,6,6,6,6,6,6,6,5,5,5,5,5,5,5,12,12,12,12,12,12,12,12,12,12,12,12,12,12,12,12,12,12,12,12,12,12,12,12,12,12,12,12,12,12,12,12,12,12,12,12,12,12,12,12,12,33,33,32,32,32,32,32,32,32,32,32,32,32,32,32,32,32,32,42,42,42,42,42,42,42,42,42,42,42,42,42,42,42,42,42,42,42,42,42,42,42,42,50,51,51,51,51,51,51,51,51,51,51,51,51,51,51,51,51,51,51,51,51,51,60,60,60,60,60,60,60,60,60,60,60,60,60,59,59,59,59,59,59,69,69,69,69,69,68,68,68,68,68,68,68,68,68,68,68,68,78,78,78,78,78,78,78,78,78,78,78,78,78,77,77,77,77,
12,12,12,6,6,6,6,6,6,6,6,6,6,6,6,6,6,6,6,6,6,6,12,12,12,12,12,12,12,12,12,12,12,12,12,12,12,12,12,12,12,12,12,12,12,12,12,12,12,12,12,12,12,12,12,12,12,12,12,12,12,12,12,33,33,33,33,33,33,33,33,33,33,33,33,33,33,33,33,33,42,42,42,42,42,42,42,42,42,42,42,42,42,42,42,42,42,42,42,42,42,42,42,42,42,51,51,51,51,51,51,51,51,51,51,51,51,51,51,51,51,51,51,51,51,51,51,60,60,60,60,60,60,60,60,60,60,60,60,60,59,59,59,59,59,59,69,69,69,69,69,69,69,69,68,68,68,68,68,68,68,78,78,78,78,78,78,78,78,78,78,78,78,78,78,78,77,77,77,77,
12,12,12,6,6,6,6,6,6,6,6,6,6,6,6,6,6,6,6,6,6,6,12,12,12,12,12,12,12,12,12,12,12,12,12,12,12,12,12,12,12,12,12,12,12,12,12,12,12,12,12,12,12,12,12,12,12,12,12,12,12,12,33,33,33,33,33,33,33,33,33,33,33,33,33,33,33,33,33,33,33,42,42,42,42,42,42,42,42,42,42,42,42,42,42,42,42,42,42,42,42,42,42,42,42,51,51,51,51,51,51,51,51,51,51,51,51,51,51,51,51,51,51,51,51,51,51,60,60,60,60,60,60,60,60,60,60,60,60,60,59,59,59,59,59,59,69,69,69,69,69,69,69,69,69,69,68,68,68,78,78,78,78,78,78,78,78,78,78,78,78,78,78,78,78,78,78,77,77,77,
12,12,12,6,6,6,6,6,6,6,6,6,6,6,6,6,6,6,6,6,6,6,6,12,12,12,12,12,12,12,12,12,12,12,12,12,12,12,12,12,12,12,12,12,12,12,12,12,12,12,12,12,12,12,12,12,12,12,12,12,12,12,33,33,33,33,33,33,33,33,33,33,33,33,33,33,33,33,33,33,33,42,42,42,42,42,42,42,42,42,42,42,42,42,42,42,42,42,42,42,42,42,42,42,51,51,51,51,51,51,51,51,51,51,51,51,51,51,51,51,51,51,51,51,51,51,51,60,60,60,60,60,60,60,60,60,60,60,60,60,59,59,59,59,59,59,69,69,69,69,69,69,69,69,69,69,69,69,78,78,78,78,78,78,78,78,78,78,78,78,78,78,78,78,78,78,78,77,77,77,
12,12,12,6,6,6,6,6,6,6,6,6,6,6,6,6,6,6,6,6,6,6,6,12,12,12,12,12,12,12,12,12,12,12,12,12,12,12,12,12,12,12,12,12,12,12,12,12,12,12,12,12,12,12,12,12,12,12,12,12,12,12,33,33,33,33,33,33,33,33,33,33,33,33,33,33,33,33,33,33,33,42,42,42,42,42,42,42,42,42,42,42,42,42,42,42,42,42,42,42,42,42,42,42,51,51,51,51,51,51,51,51,51,51,51,51,51,51,51,51,51,51,51,51,51,51,51,60,60,60,60,60,60,60,60,60,60,60,60,60,59,59,59,59,59,59,69,69,69,69,69,69,69,69,69,69,69,69,78,78,78,78,78,78,78,78,78,78,78,78,78,78,78,78,78,78,78,77,77,77,
12,12,12,6,6,6,6,6,6,6,6,6,6,6,6,6,6,6,6,6,6,6,6,12,12,12,12,12,12,12,12,12,12,12,12,12,12,12,12,12,12,12,12,12,12,12,12,12,12,12,12,12,12,12,12,12,12,12,12,12,12,33,33,33,33,33,33,33,33,33,33,33,33,33,33,33,33,33,33,33,33,42,42,42,42,42,42,42,42,42,42,42,42,42,42,42,42,42,42,42,42,42,42,42,51,51,51,51,51,51,51,51,51,51,51,51,51,51,51,51,51,51,51,51,51,51,51,60,60,60,60,60,60,60,60,60,60,60,60,60,59,59,59,59,59,69,69,69,69,69,69,69,69,69,69,69,69,69,78,78,78,78,78,78,78,78,78,78,78,78,78,78,78,78,78,78,78,77,77,77,
12,12,12,6,6,6,6,6,6,6,6,6,6,6,6,6,6,6,6,6,6,6,6,6,12,12,12,12,12,12,12,12,12,12,12,12,12,12,12,12,12,12,12,12,12,12,12,12,12,12,12,12,12,12,12,12,12,12,12,12,12,33,33,33,33,33,33,33,33,33,33,33,33,33,33,33,33,33,33,33,33,42,42,42,42,42,42,42,42,42,42,42,42,42,42,42,42,42,42,42,42,42,42,42,51,51,51,51,51,51,51,51,51,51,51,51,51,51,51,51,51,51,51,51,51,51,51,60,60,60,60,60,60,60,60,60,60,60,60,60,69,69,69,69,69,69,69,69,69,69,69,69,69,69,69,69,69,69,78,78,78,78,78,78,78,78,78,78,78,78,78,78,78,78,78,78,78,77,77,77,
12,12,12,6,6,6,6,6,6,6,6,6,6,6,6,6,6,6,6,6,6,6,6,6,12,12,12,12,12,12,12,12,12,12,12,12,12,12,12,12,12,12,12,12,12,12,12,12,12,12,12,12,12,12,12,12,12,12,12,12,33,33,33,33,33,33,33,33,33,33,33,33,33,33,33,33,33,33,33,33,33,33,42,42,42,42,42,42,42,42,42,42,42,42,42,42,42,42,42,42,42,42,42,42,51,51,51,51,51,51,51,51,51,51,51,51,51,51,51,51,51,51,51,51,51,51,51,60,60,60,60,60,60,60,60,60,60,60,60,60,69,69,69,69,69,69,69,69,69,69,69,69,69,69,69,69,69,69,78,78,78,78,78,78,78,78,78,78,78,78,78,78,78,78,78,78,78,77,77,77,
12,12,12,6,6,6,6,6,6,6,6,6,6,6,6,6,6,6,6,6,6,6,6,6,12,12,12,12,12,12,12,12,12,12,12,12,12,12,12,12,12,12,12,12,12,12,12,12,12,12,12,12,12,12,12,12,12,12,12,12,33,33,33,33,33,33,33,33,33,33,33,33,33,33,33,33,33,33,33,33,33,33,42,42,42,42,42,42,42,42,42,42,42,42,42,42,42,42,42,42,42,42,42,42,51,51,51,51,51,51,51,51,51,51,51,51,51,51,51,51,51,51,51,51,51,51,51,60,60,60,60,60,60,60,60,60,60,60,60,60,69,69,69,69,69,69,69,69,69,69,69,69,69,69,69,69,69,69,78,78,78,78,78,78,78,78,78,78,78,78,78,78,78,78,78,78,78,77,77,77,
12,12,12,6,6,6,6,6,6,6,6,6,6,6,6,6,6,6,6,6,6,6,6,6,6,12,12,12,12,12,12,12,12,12,12,12,12,12,12,12,12,12,12,12,12,12,12,12,12,12,12,12,12,12,12,12,12,12,12,33,33,33,33,33,33,33,33,33,33,33,33,33,33,33,33,33,33,33,33,33,33,33,42,42,42,42,42,42,42,42,42,42,42,42,42,42,42,42,42,42,42,42,42,42,51,51,51,51,51,51,51,51,51,51,51,51,51,51,51,51,51,51,51,51,51,51,51,60,60,60,60,60,60,60,60,60,60,60,60,60,69,69,69,69,69,69,69,69,69,69,69,69,69,69,69,69,69,69,78,78,78,78,78,78,78,78,78,78,78,78,78,78,78,78,78,78,78,77,77,77,
12,12,12,6,6,6,6,6,6,6,6,6,6,6,6,6,6,6,6,6,6,6,6,6,6,12,12,12,12,12,12,12,12,12,12,12,12,12,12,12,12,12,12,12,12,12,12,12,12,12,12,12,12,12,12,12,12,12,12,33,33,33,33,33,33,33,33,33,33,33,33,33,33,33,33,33,33,33,33,33,33,33,42,42,42,42,42,42,42,42,42,42,42,42,42,42,42,42,42,42,42,42,42,42,51,51,51,51,51,51,51,51,51,51,51,51,51,51,51,51,51,51,51,51,51,51,51,60,60,60,60,60,60,60,60,60,60,60,60,60,69,69,69,69,69,69,69,69,69,69,69,69,69,69,69,69,69,69,78,78,78,78,78,78,78,78,78,78,78,78,78,78,78,78,78,78,78,77,77,77,
12,12,12,6,6,6,6,6,6,6,6,6,6,6,6,6,6,6,6,6,6,6,6,6,6,12,12,12,12,12,12,12,12,12,12,12,12,12,12,12,12,12,12,12,12,12,12,12,12,12,12,12,12,12,12,12,12,12,12,33,33,33,33,33,33,33,33,33,33,33,33,33,33,33,33,33,33,33,33,33,33,33,42,42,42,42,42,42,42,42,42,42,42,42,42,42,42,42,42,42,42,42,42,42,51,51,51,51,51,51,51,51,51,51,51,51,51,51,51,51,51,51,51,51,51,51,51,60,60,60,60,60,60,60,60,60,60,60,60,60,69,69,69,69,69,69,69,69,69,69,69,69,69,69,69,69,69,69,78,78,78,78,78,78,78,78,78,78,78,78,78,78,78,78,78,78,78,77,77,77,
12,12,12,6,6,6,6,6,6,6,6,6,6,6,6,6,6,6,6,6,6,6,6,6,6,6,12,12,12,12,12,12,12,12,12,12,12,12,12,12,12,12,12,12,12,12,12,12,12,12,12,12,12,12,12,12,12,12,33,33,33,33,33,33,33,33,33,33,33,33,33,33,33,33,33,33,33,33,33,33,33,33,42,42,42,42,42,42,42,42,42,42,42,42,42,42,42,42,42,42,42,42,42,42,51,51,51,51,51,51,51,51,51,51,51,51,51,51,51,51,51,51,51,51,51,51,51,60,60,60,60,60,60,60,60,60,60,60,60,60,69,69,69,69,69,69,69,69,69,69,69,69,69,69,69,69,69,69,78,78,78,78,78,78,78,78,78,78,78,78,78,78,78,78,78,78,78,77,77,77,
12,12,12,6,6,6,6,6,6,6,6,6,6,6,6,6,6,6,6,6,6,6,6,6,6,6,12,12,12,12,12,12,12,12,12,12,12,12,12,12,12,12,12,12,12,12,12,12,12,12,12,12,12,12,12,12,12,12,33,33,33,33,33,33,33,33,33,33,33,33,33,33,33,33,33,33,33,33,33,33,33,33,42,42,42,42,42,42,42,42,42,42,42,42,42,42,42,42,42,42,42,42,42,51,51,51,51,51,51,51,51,51,51,51,51,51,51,51,51,51,51,51,51,51,51,51,51,60,60,60,60,60,60,60,60,60,60,60,60,60,69,69,69,69,69,69,69,69,69,69,69,69,69,69,69,69,69,69,78,78,78,78,78,78,78,78,78,78,78,78,78,78,78,78,78,78,78,77,77,77,
12,12,12,6,6,6,6,6,6,6,6,6,6,6,6,6,6,6,6,6,6,6,6,6,6,6,12,12,12,12,12,12,12,12,12,12,12,12,12,12,12,12,12,12,12,12,12,12,12,12,12,12,12,12,12,12,12,33,33,33,33,33,33,33,33,33,33,33,33,33,33,33,33,33,33,33,33,33,33,33,33,33,42,42,42,42,42,42,42,42,42,42,42,42,42,42,42,42,42,42,42,42,42,51,51,51,51,51,51,51,51,51,51,51,51,51,51,51,51,51,51,51,51,51,51,51,51,60,60,60,60,60,60,60,60,60,60,60,60,60,69,69,69,69,69,69,69,69,69,69,69,69,69,69,69,69,69,69,78,78,78,78,78,78,78,78,78,78,78,78,78,78,78,78,78,78,78,77,77,77,
12,12,12,6,6,6,6,6,6,6,6,6,6,6,6,6,6,6,6,6,6,6,6,6,6,6,12,12,12,12,12,12,12,12,12,12,12,12,12,12,12,12,12,12,12,12,12,12,12,12,12,12,12,12,12,12,12,33,33,33,33,33,33,33,33,33,33,33,33,33,33,33,33,33,33,33,33,33,33,33,33,33,42,42,42,42,42,42,42,42,42,42,42,42,42,42,42,42,42,42,42,42,42,51,51,51,51,51,51,51,51,51,51,51,51,51,51,51,51,51,51,51,51,51,51,51,51,60,60,60,60,60,60,60,60,60,60,60,60,60,69,69,69,69,69,69,69,69,69,69,69,69,69,69,69,69,69,69,69,78,78,78,78,78,78,78,78,78,78,78,78,78,78,78,78,78,78,77,77,77,
12,12,6,6,6,6,6,6,6,6,6,6,6,6,6,6,6,6,6,6,6,6,6,6,6,6,12,12,12,12,12,12,12,12,12,12,12,12,12,12,12,12,12,12,12,12,12,12,12,12,12,12,12,12,12,12,12,33,33,33,33,33,33,33,33,33,33,33,33,33,33,33,33,33,33,33,33,33,33,33,33,33,33,42,42,42,42,42,42,42,42,42,42,42,42,42,42,42,42,42,42,42,42,51,51,51,51,51,51,51,51,51,51,51,51,51,51,51,51,51,51,51,51,51,51,51,51,60,60,60,60,60,60,60,60,60,60,60,60,60,69,69,69,69,69,69,69,69,69,69,69,69,69,69,69,69,69,69,69,78,78,78,78,78,78,78,78,78,78,78,78,78,78,78,78,78,78,77,77,77,
8,8,6,6,6,6,6,6,6,6,6,6,6,6,6,6,6,6,6,6,6,6,6,6,12,12,12,12,12,12,12,12,12,12,12,12,12,12,12,12,12,12,12,12,12,12,12,12,12,12,12,12,12,12,12,12,12,12,33,33,33,33,33,33,33,33,33,33,33,33,33,33,33,33,33,33,33,33,33,33,33,33,33,42,42,42,42,42,42,42,42,42,42,42,42,42,42,42,42,42,42,42,42,51,51,51,51,51,51,51,51,51,51,51,51,51,51,51,51,51,51,51,51,51,51,51,60,60,60,60,60,60,60,60,60,60,60,60,60,69,69,69,69,69,69,69,69,69,69,69,69,69,69,69,69,69,69,69,69,78,78,78,78,78,78,78,78,78,78,78,78,78,78,78,78,78,78,80,80,80,
8,8,7,6,6,6,6,6,6,6,6,6,6,6,6,6,6,6,6,6,6,6,6,12,12,12,12,12,12,12,12,12,12,12,12,12,12,12,12,12,12,12,12,12,12,12,12,12,12,12,12,12,12,12,12,12,12,12,12,33,33,33,33,33,33,33,33,33,33,33,33,33,33,33,33,33,33,33,33,33,33,33,33,43,42,42,42,42,42,42,42,42,42,42,42,42,42,42,42,42,42,42,51,52,51,51,51,51,51,51,51,51,51,51,51,51,51,51,51,51,51,51,62,62,62,62,61,61,61,61,61,61,61,61,60,60,60,60,60,69,69,69,69,69,69,69,69,69,69,69,69,69,69,69,69,69,69,69,69,78,78,78,78,78,78,78,78,78,78,78,78,78,78,78,78,78,78,80,80,80,
8,8,7,7,7,7,6,6,6,6,6,6,6,6,6,6,6,6,6,6,6,6,12,12,12,12,12,12,12,12,12,12,12,12,12,12,12,12,12,12,12,12,12,12,12,12,12,12,12,12,12,12,12,12,12,12,12,12,12,12,33,33,33,33,33,33,33,33,33,33,33,33,33,33,33,33,33,33,33,33,33,33,43,43,43,43,43,43,43,43,43,43,43,43,43,43,43,43,43,43,43,51,52,52,52,52,52,51,51,51,51,51,51,51,51,51,51,51,51,51,51,62,62,62,62,62,62,61,61,61,61,61,61,61,61,61,61,61,69,69,69,69,69,69,69,69,69,69,69,69,69,69,69,69,69,69,69,69,78,78,78,78,78,78,78,78,78,78,78,78,78,78,78,78,78,78,80,80,80,80,
8,8,7,7,7,7,7,7,7,7,7,7,6,6,6,6,6,6,6,6,6,12,12,12,12,12,12,12,12,12,12,12,12,12,12,12,12,12,12,12,12,12,12,12,12,12,12,12,12,12,12,12,12,12,12,12,12,12,12,12,12,33,33,33,33,33,33,33,33,33,33,34,34,34,34,34,34,34,34,34,34,43,43,43,43,43,43,43,43,43,43,43,43,43,43,43,43,43,43,43,43,43,52,52,52,52,52,52,52,52,52,52,52,52,51,51,51,51,51,51,51,62,62,62,62,62,62,61,61,61,61,61,61,61,61,61,61,61,61,70,70,70,70,70,70,70,70,70,70,70,70,70,70,70,70,70,70,70,78,79,79,79,79,79,79,79,79,79,79,79,79,79,79,79,79,79,80,80,80,80,
8,8,7,7,7,7,7,7,7,7,7,7,7,7,7,7,7,7,6,12,12,12,12,12,12,12,12,12,12,12,12,12,12,12,12,12,12,12,12,12,12,12,12,12,12,12,12,12,12,12,12,12,12,12,12,12,12,12,12,12,12,12,33,34,34,34,34,34,34,34,34,34,34,34,34,34,34,34,34,34,34,34,43,43,43,43,43,43,43,43,43,43,43,43,43,43,43,43,43,43,43,43,52,52,52,52,52,52,52,52,52,52,52,52,52,52,52,52,52,52,62,62,62,62,62,62,62,61,61,61,61,61,61,61,61,61,61,61,61,70,70,70,70,70,70,70,70,70,70,70,70,70,70,70,70,70,70,70,70,79,79,79,79,79,79,79,79,79,79,79,79,79,79,79,79,79,79,80,80,80,
8,8,7,7,7,7,7,7,7,7,7,7,7,7,7,7,7,7,7,12,12,12,12,12,12,12,12,12,12,12,12,12,12,12,12,12,12,12,12,12,12,12,12,12,12,12,12,12,12,12,12,12,12,12,12,12,12,12,12,12,12,12,34,34,34,34,34,34,34,34,34,34,34,34,34,34,34,34,34,34,34,34,43,43,43,43,43,43,43,43,43,43,43,43,43,43,43,43,43,43,43,43,52,52,52,52,52,52,52,52,52,52,52,52,52,52,52,52,52,52,52,62,62,62,62,62,62,61,61,61,61,61,61,61,61,61,61,61,61,70,70,70,70,70,70,70,70,70,70,70,70,70,70,70,70,70,70,70,70,79,79,79,79,79,79,79,79,79,79,79,79,79,79,79,79,79,79,80,80,80,
8,8,7,7,7,7,7,7,7,7,7,7,7,7,7,7,7,7,7,12,12,12,12,12,12,12,12,12,12,12,12,12,12,12,12,12,12,12,12,12,12,12,12,12,12,12,12,12,12,12,12,12,12,12,12,12,12,12,12,12,12,12,34,34,34,34,34,34,34,34,34,34,34,34,34,34,34,34,34,34,34,34,43,43,43,43,43,43,43,43,43,43,43,43,43,43,43,43,43,43,43,43,52,52,52,52,52,52,52,52,52,52,52,52,52,52,52,52,52,52,52,62,62,62,62,62,62,61,61,61,61,61,61,61,61,61,61,61,62,70,70,70,70,70,70,70,70,70,70,70,70,70,70,70,70,70,70,70,70,79,79,79,79,79,79,79,79,79,79,79,79,79,79,79,79,79,79,80,80,80,
8,8,7,7,7,7,7,7,7,7,7,7,7,7,7,7,7,7,7,12,12,12,12,12,12,12,12,12,12,12,12,12,12,12,12,12,12,12,12,12,12,12,12,12,12,12,12,12,12,12,12,12,12,12,12,12,12,12,12,12,12,12,34,34,34,34,34,34,34,34,34,34,34,34,34,34,34,34,34,34,34,34,43,43,43,43,43,43,43,43,43,43,43,43,43,43,43,43,43,43,43,43,52,52,52,52,52,52,52,52,52,52,52,52,52,52,52,52,52,52,52,62,62,62,62,62,62,61,61,61,61,61,61,61,61,62,62,62,62,70,70,70,70,70,70,70,70,70,70,70,70,70,70,70,70,70,70,70,70,79,79,79,79,79,79,79,79,79,79,79,79,79,79,79,79,79,79,80,80,80,
8,8,7,7,7,7,7,7,7,7,7,7,7,7,7,7,7,7,7,12,12,12,12,12,12,12,12,12,12,12,12,12,12,12,12,12,12,12,12,12,12,12,12,12,12,12,12,12,12,12,12,12,12,12,12,12,12,12,12,12,12,12,34,34,34,34,34,34,34,34,34,34,34,34,34,34,34,34,34,34,34,34,43,43,43,43,43,43,43,43,43,43,43,43,43,43,43,43,43,43,43,43,52,52,52,52,52,52,52,52,52,52,52,52,52,52,52,52,52,52,52,62,62,62,62,62,62,61,61,61,61,61,61,61,62,62,62,62,62,62,70,70,70,70,70,70,70,70,70,70,70,70,70,70,70,70,70,70,70,79,79,79,79,79,79,79,79,79,79,79,79,79,79,79,79,79,79,80,80,80,
8,8,7,7,7,7,7,7,7,7,7,7,7,7,7,7,7,7,7,12,12,12,12,12,12,12,12,12,12,12,12,12,12,12,12,12,12,12,12,12,12,12,12,12,12,12,12,12,12,12,12,12,12,12,12,12,12,12,12,12,12,12,34,34,34,34,34,34,34,34,34,34,34,34,34,34,34,34,34,34,34,34,43,43,43,43,43,43,43,43,43,43,43,43,43,43,43,43,43,43,43,43,52,52,52,52,52,52,52,52,52,52,52,52,52,52,52,52,52,52,52,62,62,62,62,62,62,61,61,61,61,61,61,61,62,62,62,62,62,62,70,70,70,70,70,70,70,70,70,70,70,70,70,70,70,70,70,70,70,79,79,79,79,79,79,79,79,79,79,79,79,79,79,79,79,79,79,80,80,80,
8,8,7,7,7,7,7,7,7,7,7,7,7,7,7,7,7,7,7,7,12,12,12,12,12,12,12,12,12,12,12,12,12,12,12,12,12,12,12,12,12,12,12,12,12,12,12,12,12,12,12,12,12,12,12,12,12,12,12,12,12,12,34,34,34,34,34,34,34,34,34,34,34,34,34,34,34,34,34,34,34,34,43,43,43,43,43,43,43,43,43,43,43,43,43,43,43,43,43,43,43,43,52,52,52,52,52,52,52,52,52,52,52,52,52,52,52,52,52,52,52,62,62,62,62,62,62,61,61,61,61,61,61,61,62,62,62,62,62,62,70,70,70,70,70,70,70,70,70,70,70,70,70,70,70,70,70,70,70,79,79,79,79,79,79,79,79,79,79,79,79,79,79,79,79,79,79,80,80,80,
8,8,7,7,7,7,7,7,7,7,7,7,7,7,7,7,7,7,7,7,12,12,12,12,12,12,12,12,12,12,12,12,12,12,12,12,12,12,12,12,12,12,12,12,12,12,12,12,12,12,12,12,12,12,12,12,12,12,12,12,12,12,34,34,34,34,34,34,34,34,34,34,34,34,34,34,34,34,34,34,34,34,43,43,43,43,43,43,43,43,43,43,43,43,43,43,43,43,43,43,43,43,52,52,52,52,52,52,52,52,52,52,52,52,52,52,52,52,52,52,52,62,62,62,62,62,62,61,61,61,61,61,61,61,62,62,62,62,62,62,70,70,70,70,70,70,70,70,70,70,70,70,70,70,70,70,70,70,70,79,79,79,79,79,79,79,79,79,79,79,79,79,79,79,79,79,79,80,80,80,
8,8,7,7,7,7,7,7,7,7,7,7,7,7,7,7,7,7,7,7,12,12,12,12,12,12,12,12,12,12,12,12,12,12,12,12,12,12,12,12,12,12,12,12,12,12,12,12,12,12,12,12,12,12,12,12,12,12,12,12,12,12,34,34,34,34,34,34,34,34,34,34,34,34,34,34,34,34,34,34,34,34,43,43,43,43,43,43,43,43,43,43,43,43,43,43,43,43,43,43,43,43,52,52,52,52,52,52,52,52,52,52,52,52,52,52,52,52,52,52,52,62,62,62,62,62,62,61,61,61,61,61,61,61,62,62,62,62,62,62,70,70,70,70,70,70,70,70,70,70,70,70,70,70,70,70,70,70,70,79,79,79,79,79,79,79,79,79,79,79,79,79,79,79,79,79,79,80,80,80,
8,8,7,7,7,7,7,7,7,7,7,7,7,7,7,7,7,7,7,7,12,12,12,12,12,12,12,12,12,12,12,12,12,12,12,12,12,12,12,12,12,12,12,12,12,12,12,12,12,12,12,12,12,12,12,12,12,12,12,12,12,34,34,34,34,34,34,34,34,34,34,34,34,34,34,34,34,34,34,34,34,34,43,43,43,43,43,43,43,43,43,43,43,43,43,43,43,43,43,43,43,43,52,52,52,52,52,52,52,52,52,52,52,52,52,52,52,52,52,52,52,62,62,62,62,62,62,61,61,61,61,61,61,62,62,62,62,62,62,62,70,70,70,70,70,70,70,70,70,70,70,70,70,70,70,70,70,70,70,79,79,79,79,79,79,79,79,79,79,79,79,79,79,79,79,79,79,80,80,80,
8,8,7,7,7,7,7,7,7,7,7,7,7,7,7,7,7,7,7,7,12,12,12,12,12,12,12,12,12,12,12,12,12,12,12,12,12,12,12,12,12,12,12,12,12,12,12,12,12,12,12,12,12,12,12,12,12,12,12,12,12,34,34,34,34,34,34,34,34,34,34,34,34,34,34,34,34,34,34,34,34,34,43,43,43,43,43,43,43,43,43,43,43,43,43,43,43,43,43,43,43,43,52,52,52,52,52,52,52,52,52,52,52,52,52,52,52,52,52,52,52,62,62,62,62,62,62,61,61,61,61,61,61,62,62,62,62,62,62,62,70,70,70,70,70,70,70,70,70,70,70,70,70,70,70,70,70,70,70,79,79,79,79,79,79,79,79,79,79,79,79,79,79,79,79,79,79,80,80,80,
8,8,7,7,7,7,7,7,7,7,7,7,7,7,7,7,7,7,7,7,12,12,12,12,12,12,12,12,12,12,12,12,12,12,12,12,12,12,12,12,12,12,12,12,12,12,12,12,12,12,12,12,12,12,12,12,12,12,12,12,12,34,34,34,34,34,34,34,34,34,34,34,34,34,34,34,34,34,34,34,34,34,43,43,43,43,43,43,43,43,43,43,43,43,43,43,43,43,43,43,43,43,52,52,52,52,52,52,52,52,52,52,52,52,52,52,52,52,52,52,52,62,62,62,62,62,62,61,61,61,61,61,61,62,62,62,62,62,62,62,70,70,70,70,70,70,70,70,70,70,70,70,70,70,70,70,70,70,70,79,79,79,79,79,79,79,79,79,79,79,79,79,79,79,79,79,79,80,80,80,
8,8,7,7,7,7,7,7,7,7,7,7,7,7,7,7,7,7,7,7,12,12,12,12,12,12,12,12,12,12,12,12,12,12,12,12,12,12,12,12,12,12,12,12,12,12,12,12,12,12,12,12,12,12,12,12,12,12,12,12,12,34,34,34,34,34,34,34,34,34,34,34,34,34,34,34,34,34,34,34,34,34,43,43,43,43,43,43,43,43,43,43,43,43,43,43,43,43,43,43,43,43,52,52,52,52,52,52,52,52,52,52,52,52,52,52,52,52,52,52,52,62,62,62,62,62,62,61,61,61,61,61,61,62,62,62,62,62,62,62,70,70,70,70,70,70,70,70,70,70,70,70,70,70,70,70,70,70,70,79,79,79,79,79,79,79,79,79,79,79,79,79,79,79,79,79,79,80,80,80,
8,8,7,7,7,7,7,7,7,7,7,7,7,7,7,7,7,7,7,7,12,12,12,12,12,12,12,12,12,12,12,12,12,12,12,12,12,12,12,12,12,12,12,12,12,12,12,12,12,12,12,12,12,12,12,12,12,12,12,12,12,34,34,34,34,34,34,34,34,34,34,34,34,34,34,34,34,34,34,34,34,34,43,43,43,43,43,43,43,43,43,43,43,43,43,43,43,43,43,43,43,43,52,52,52,52,52,52,52,52,52,52,52,52,52,52,52,52,52,52,52,62,62,62,62,62,62,61,61,61,61,61,61,62,62,62,62,62,62,62,70,70,70,70,70,70,70,70,70,70,70,70,70,70,70,70,70,70,70,79,79,79,79,79,79,79,79,79,79,79,79,79,79,79,79,79,79,80,80,80,
8,8,7,7,7,7,7,7,7,7,7,7,7,7,7,7,7,7,7,7,12,12,12,12,12,12,12,12,12,12,12,12,12,12,12,12,12,12,12,12,12,12,12,12,12,12,12,12,12,12,12,12,12,12,12,12,12,12,12,12,12,34,34,34,34,34,34,34,34,34,34,34,34,34,34,34,34,34,34,34,34,34,43,43,43,43,43,43,43,43,43,43,43,43,43,43,43,43,43,43,43,43,52,52,52,52,52,52,52,52,52,52,52,52,52,52,52,52,52,52,52,62,62,62,62,62,62,61,61,61,61,61,61,62,62,62,62,62,62,62,70,70,70,70,70,70,70,70,70,70,70,70,70,70,70,70,70,70,70,79,79,79,79,79,79,79,79,79,79,79,79,79,79,79,79,79,79,80,80,80,
8,8,7,7,7,7,7,7,7,7,7,7,7,7,7,7,7,7,7,7,12,12,12,12,12,12,12,12,12,12,12,12,12,12,12,12,12,12,12,12,12,12,12,12,12,12,12,12,12,12,12,12,12,12,12,12,12,12,12,12,12,34,34,34,34,34,34,34,34,34,34,34,34,34,34,34,34,34,34,34,34,34,43,43,43,43,43,43,43,43,43,43,43,43,43,43,43,43,43,43,43,43,52,52,52,52,52,52,52,52,52,52,52,52,52,52,52,52,52,52,52,62,62,62,62,62,62,61,61,61,61,61,61,62,62,62,62,62,62,62,70,70,70,70,70,70,70,70,70,70,70,70,70,70,70,70,70,70,70,79,79,79,79,79,79,79,79,79,79,79,79,79,79,79,79,79,79,80,80,80,
8,8,7,7,7,7,7,7,7,7,7,7,7,7,7,7,7,7,7,7,12,12,12,12,12,12,12,12,12,12,12,12,12,12,12,12,12,12,12,12,12,12,12,12,12,12,12,12,12,12,12,12,12,12,12,12,12,12,12,12,26,34,34,34,34,34,34,34,34,34,34,34,34,34,34,34,34,34,34,34,34,34,43,43,43,43,43,43,43,43,43,43,43,43,43,43,43,43,43,43,43,43,52,52,52,52,52,52,52,52,52,52,52,52,52,52,52,52,52,52,52,62,62,62,62,62,62,61,61,61,61,61,61,62,62,62,62,62,62,62,70,70,70,70,70,70,70,70,70,70,70,70,70,70,70,70,70,70,70,79,79,79,79,79,79,79,79,79,79,79,79,79,79,79,79,79,79,80,80,80,
8,8,7,7,7,7,7,7,7,7,7,7,7,7,7,7,7,7,7,12,12,12,12,12,12,12,12,12,12,12,12,12,12,12,12,12,12,12,12,12,12,12,12,12,12,12,12,12,12,12,12,12,12,12,12,12,12,12,26,26,26,26,34,34,34,34,34,34,34,34,34,34,34,34,34,34,34,34,34,34,34,34,44,44,43,43,43,43,43,43,43,43,43,43,43,43,43,43,43,43,43,43,52,52,52,52,52,52,52,52,52,52,52,52,52,52,52,52,52,52,62,62,62,62,62,62,62,61,61,61,61,61,61,62,62,62,62,62,62,62,70,70,70,70,70,70,70,70,70,70,70,70,70,70,70,70,70,70,71,79,79,79,79,79,79,79,79,79,79,79,79,79,79,79,79,79,79,80,80,80,
8,8,7,7,7,7,7,7,7,7,7,7,7,7,7,7,7,12,12,12,12,12,12,12,12,12,12,12,12,12,12,12,12,12,12,12,12,12,12,12,12,12,12,12,12,12,12,12,12,12,12,12,12,26,26,26,26,26,26,26,26,26,26,34,34,34,34,34,34,34,34,34,34,34,34,34,34,34,34,34,44,44,44,44,44,44,44,43,43,43,43,43,43,43,43,43,43,43,43,43,43,43,52,52,52,52,52,52,52,52,52,52,52,52,52,52,52,52,53,53,62,62,62,62,62,62,62,61,61,61,61,61,61,62,62,62,62,62,62,62,70,70,70,70,70,70,70,70,70,70,70,70,70,70,71,71,71,71,71,71,79,79,79,79,79,79,79,79,79,79,79,79,79,79,79,79,79,80,80,80,
8,8,7,7,7,7,7,7,7,7,7,7,7,7,7,12,12,12,12,12,12,12,12,12,12,12,12,12,12,12,12,12,12,12,12,12,12,12,12,12,12,12,12,12,12,12,12,26,26,26,26,26,26,26,26,26,26,26,26,26,26,26,26,26,34,34,34,34,34,34,34,34,34,34,34,34,34,34,34,44,44,44,44,44,44,44,44,44,44,44,43,43,43,43,43,43,43,43,43,43,43,43,52,52,52,52,52,52,52,52,52,52,52,52,52,53,53,53,53,53,53,62,62,62,62,62,62,61,61,61,61,61,61,62,62,62,62,62,62,62,70,70,70,70,70,70,70,70,70,70,71,71,71,71,71,71,71,71,71,71,71,79,79,79,79,79,79,79,79,79,79,79,79,79,79,79,79,80,80,80,
8,8,7,7,7,7,7,7,7,7,7,7,7,12,12,12,12,12,12,12,12,12,12,12,12,12,12,12,12,12,12,12,12,12,12,12,12,12,12,12,26,26,26,26,26,26,26,26,26,26,26,26,26,26,26,26,26,26,26,26,26,26,26,26,26,34,34,34,34,34,34,34,34,34,34,34,34,44,44,44,44,44,44,44,44,44,44,44,44,44,44,44,44,44,43,43,43,43,43,43,43,43,52,52,52,52,52,52,52,52,52,52,53,53,53,53,53,53,53,53,53,62,62,62,62,62,62,61,61,61,61,61,61,62,62,62,62,62,62,62,70,70,70,70,70,70,71,71,71,71,71,71,71,71,71,71,71,71,71,71,71,71,71,79,79,79,79,79,79,79,79,79,79,79,79,79,79,80,80,80,
8,8,7,7,7,7,7,7,7,7,7,12,12,12,12,12,12,12,12,12,12,12,12,12,12,12,12,12,12,12,12,12,12,12,12,12,12,12,12,26,26,26,26,26,26,26,26,26,26,26,26,26,26,26,26,26,26,26,26,26,26,26,26,26,26,26,34,34,34,34,34,34,34,34,34,34,44,44,44,44,44,44,44,44,44,44,44,44,44,44,44,44,44,44,44,44,44,43,43,43,43,43,52,52,52,52,52,52,52,53,53,53,53,53,53,53,53,53,53,53,53,53,62,62,62,62,62,62,61,61,61,61,62,62,62,62,62,62,62,71,71,71,71,71,71,71,71,71,71,71,71,71,71,71,71,71,71,71,71,71,71,71,71,71,79,79,79,79,79,79,79,79,79,79,79,79,79,80,80,80,
8,8,7,7,7,7,7,7,7,12,12,12,12,12,12,12,12,12,12,12,12,12,12,12,12,12,12,12,12,12,12,12,12,12,12,12,12,12,26,26,26,26,26,26,26,26,26,26,26,26,26,26,26,26,26,26,26,26,26,26,26,26,26,26,26,26,26,34,34,34,34,34,34,34,34,44,44,44,44,44,44,44,44,44,44,44,44,44,44,44,44,44,44,44,44,44,44,44,44,44,44,52,52,52,52,52,53,53,53,53,53,53,53,53,53,53,53,53,53,53,53,53,53,53,53,53,62,62,62,62,62,62,62,62,62,71,71,71,71,71,71,71,71,71,71,71,71,71,71,71,71,71,71,71,71,71,71,71,71,71,71,71,71,71,71,79,79,79,79,79,79,79,79,79,79,79,79,80,80,80,
8,8,7,7,7,7,7,12,12,12,12,12,12,12,12,12,12,12,12,12,12,12,12,12,12,12,12,12,12,12,12,12,12,12,12,12,12,26,26,26,26,26,26,26,26,26,26,26,26,26,26,26,26,26,26,26,26,26,26,26,26,26,26,26,26,26,26,26,34,34,34,34,34,44,44,44,44,44,44,44,44,44,44,44,44,44,44,44,44,44,44,44,44,44,44,44,44,44,44,44,44,44,52,53,53,53,53,53,53,53,53,53,53,53,53,53,53,53,53,53,53,53,53,53,53,53,53,62,62,62,62,62,62,62,53,53,53,71,71,71,71,71,71,71,71,71,71,71,71,71,71,71,71,71,71,71,71,71,71,71,71,71,71,71,71,71,71,79,79,79,79,79,79,79,79,79,79,80,80,80,
8,8,12,7,7,12,12,12,12,12,12,12,12,12,12,12,12,12,12,12,12,12,12,12,12,12,12,12,12,12,12,12,12,12,12,12,12,12,26,26,26,26,26,26,26,26,26,26,26,26,26,26,26,26,26,26,26,26,26,26,26,26,26,26,26,26,26,26,26,34,34,34,44,44,44,44,44,44,44,44,44,44,44,44,44,44,44,44,44,44,44,44,44,44,44,44,44,44,44,44,44,44,44,53,53,53,53,53,53,53,53,53,53,53,53,53,53,53,53,53,53,53,53,53,53,53,53,62,62,62,62,62,62,62,53,53,53,71,71,71,71,71,71,71,71,71,71,71,71,71,71,71,71,71,71,71,71,71,71,71,71,71,71,71,71,71,71,71,79,79,79,79,79,79,79,79,79,80,80,80,
8,8,7,12,12,12,12,12,12,12,12,12,12,12,12,12,12,12,12,12,12,12,12,12,12,12,12,12,12,12,12,12,12,12,12,12,12,12,26,26,26,26,26,26,26,26,26,26,26,26,26,26,26,26,26,26,26,26,26,26,26,26,26,26,26,26,26,26,26,26,44,44,44,44,44,44,44,44,44,44,44,44,44,44,44,44,44,44,44,44,44,44,44,44,44,44,44,44,44,44,44,44,44,53,53,53,53,53,53,53,53,53,53,53,53,53,53,53,53,53,53,53,53,53,53,53,53,62,62,62,62,62,62,62,53,53,53,71,71,71,71,71,71,71,71,71,71,71,71,71,71,71,71,71,71,71,71,71,71,71,71,71,71,71,71,71,71,71,71,79,79,79,79,79,79,79,79,80,80,80,
8,8,12,12,12,12,12,12,12,12,12,12,12,12,12,12,12,12,12,12,12,12,12,12,12,12,12,12,12,12,12,12,12,12,12,12,12,12,26,26,26,26,26,26,26,26,26,26,26,26,26,26,26,26,26,26,26,26,26,26,26,26,26,26,26,26,26,26,26,26,44,44,44,44,44,44,44,44,44,44,44,44,44,44,44,44,44,44,44,44,44,44,44,44,44,44,44,44,44,44,44,44,44,53,53,53,53,53,53,53,53,53,53,53,53,53,53,53,53,53,53,53,53,53,53,53,53,62,62,62,62,62,62,62,53,53,53,71,71,71,71,71,71,71,71,71,71,71,71,71,71,71,71,71,71,71,71,71,71,71,71,71,71,71,71,71,71,71,71,71,71,79,79,79,79,79,79,80,80,80,
8,8,12,12,12,12,12,12,12,12,12,12,12,12,12,12,12,12,12,12,12,12,12,12,12,12,12,12,12,12,12,12,12,12,12,12,12,12,26,26,26,26,26,26,26,26,26,26,26,26,26,26,26,26,26,26,26,26,26,26,26,26,26,26,26,26,26,26,26,26,44,44,44,44,44,44,44,44,44,44,44,44,44,44,44,44,44,44,44,44,44,44,44,44,44,44,44,44,44,44,44,44,44,53,53,53,53,53,53,53,53,53,53,53,53,53,53,53,53,53,53,53,53,53,53,53,53,53,62,62,62,62,62,53,53,53,53,71,71,71,71,71,71,71,71,71,71,71,71,71,71,71,71,71,71,71,71,71,71,71,71,71,71,71,71,71,71,71,71,71,71,71,79,79,79,79,79,80,80,80,
8,8,12,12,12,12,12,12,12,12,12,12,12,12,12,12,12,12,12,12,12,12,12,12,12,12,12,12,12,12,12,12,12,12,12,12,12,12,26,26,26,26,26,26,26,26,26,26,26,26,26,26,26,26,26,26,26,26,26,26,26,26,26,26,26,26,26,26,26,26,44,44,44,44,44,44,44,44,44,44,44,44,44,44,44,44,44,44,44,44,44,44,44,44,44,44,44,44,44,44,44,44,44,53,53,53,53,53,53,53,53,53,53,53,53,53,53,53,53,53,53,53,53,53,53,53,53,53,53,53,53,53,53,53,53,53,53,71,71,71,71,71,71,71,71,71,71,71,71,71,71,71,71,71,71,71,71,71,71,71,71,71,71,71,71,71,71,71,71,71,71,71,71,79,79,79,79,80,80,80,
8,8,12,12,12,12,12,12,12,12,12,12,12,12,12,12,12,12,12,12,12,12,12,12,12,12,12,12,12,12,12,12,12,12,12,12,12,12,26,26,26,26,26,26,26,26,26,26,26,26,26,26,26,26,26,26,26,26,26,26,26,26,26,26,26,26,26,26,26,26,44,44,44,44,44,44,44,44,44,44,44,44,44,44,44,44,44,44,44,44,44,44,44,44,44,44,44,44,44,44,44,44,44,53,53,53,53,53,53,53,53,53,53,53,53,53,53,53,53,53,53,53,53,53,53,53,53,53,53,53,53,53,53,53,53,53,71,71,71,71,71,71,71,71,71,71,71,71,71,71,71,71,71,71,71,71,71,71,71,71,71,71,71,71,71,71,71,71,71,71,71,71,71,71,71,80,80,80,80,80,
8,8,12,12,12,12,12,12,12,12,12,12,12,12,12,12,12,12,12,12,12,12,12,12,12,12,12,12,12,12,12,12,12,12,12,12,12,12,26,26,26,26,26,26,26,26,26,26,26,26,26,26,26,26,26,26,26,26,26,26,26,26,26,26,26,26,26,26,26,26,44,44,44,44,44,44,44,44,44,44,44,44,44,44,44,44,44,44,44,44,44,44,44,44,44,44,44,44,44,44,44,44,44,53,53,53,53,53,53,53,53,53,53,53,53,53,53,53,53,53,53,53,53,53,53,53,53,53,53,53,53,53,53,53,53,53,71,71,71,71,71,71,71,71,71,71,71,71,71,71,71,71,71,71,71,71,71,71,71,71,71,71,71,71,71,71,71,71,71,71,71,71,71,71,71,71,80,80,80,80,
8,8,12,12,12,12,12,12,12,12,12,12,12,12,12,12,12,12,12,12,12,12,12,12,12,12,12,12,12,12,12,12,12,12,12,12,12,12,26,26,26,26,26,26,26,26,26,26,26,26,26,26,26,26,26,26,26,26,26,26,26,26,26,26,26,26,26,26,26,26,44,44,44,44,44,44,44,44,44,44,44,44,44,44,44,44,44,44,44,44,44,44,44,44,44,44,44,44,44,44,44,44,44,53,53,53,53,53,53,53,53,53,53,53,53,53,53,53,53,53,53,53,53,53,53,53,53,53,53,53,53,53,53,53,53,53,71,71,71,71,71,71,71,71,71,71,71,71,71,71,71,71,71,71,71,71,71,71,71,71,71,71,71,71,71,71,71,71,71,71,71,71,71,71,71,71,71,80,80,80,
8,8,12,12,12,12,12,12,12,12,12,12,12,12,12,12,12,12,12,12,12,12,12,12,12,12,12,12,12,12,12,12,12,12,12,12,12,12,26,26,26,26,26,26,26,26,26,26,26,26,26,26,26,26,26,26,26,26,26,26,26,26,26,26,26,26,26,26,26,26,44,44,44,44,44,44,44,44,44,44,44,44,44,44,44,44,44,44,44,44,44,44,44,44,44,44,44,44,44,44,44,44,44,53,53,53,53,53,53,53,53,53,53,53,53,53,53,53,53,53,53,53,53,53,53,53,53,53,53,53,53,53,53,53,53,53,71,71,71,71,71,71,71,71,71,71,71,71,71,71,71,71,71,71,71,71,71,71,71,71,71,71,71,71,71,71,71,71,71,71,71,71,71,71,71,71,71,80,80,80,
8,8,12,12,12,12,12,12,12,12,12,12,12,12,12,12,12,12,12,12,12,12,12,12,12,12,12,12,12,12,12,12,12,12,12,12,12,12,26,26,26,26,26,26,26,26,26,26,26,26,26,26,26,26,26,26,26,26,26,26,26,26,26,26,26,26,26,26,26,26,44,44,44,44,44,44,44,44,44,44,44,44,44,44,44,44,44,44,44,44,44,44,44,44,44,44,44,44,44,44,44,44,62,62,53,53,53,53,53,53,53,53,53,53,53,53,53,53,53,53,53,53,53,53,53,53,53,53,53,53,53,53,53,53,53,62,80,71,71,71,71,71,71,71,71,71,71,71,71,71,71,71,71,71,71,71,71,71,71,71,71,71,71,71,71,71,71,71,71,71,71,71,71,71,71,71,71,80,80,80,
8,8,8,12,12,12,12,12,12,12,12,12,12,12,12,12,12,12,12,12,12,12,12,12,12,12,12,12,12,12,12,12,12,12,12,12,12,8,26,26,26,26,26,26,26,26,26,26,26,26,26,26,26,26,26,26,26,26,26,26,26,26,26,26,26,26,26,26,26,35,35,44,44,44,44,44,44,44,44,44,44,44,44,44,44,44,44,44,44,44,44,44,44,44,44,44,44,44,44,61,62,62,62,62,62,62,62,62,62,62,62,62,62,62,62,62,62,62,62,62,62,62,62,62,62,62,62,62,62,62,62,62,62,62,62,62,62,62,62,71,80,80,80,80,80,80,80,80,80,80,80,80,80,80,80,80,80,80,80,80,71,71,71,71,71,71,71,71,71,71,71,71,71,71,71,71,80,80,80,80,
8,8,8,8,8,8,8,8,8,8,8,8,8,8,8,8,8,8,8,8,8,8,8,8,8,8,8,8,8,8,8,8,8,8,8,8,8,8,8,26,26,35,35,35,35,35,35,35,35,35,35,35,35,35,35,35,35,35,35,35,35,35,35,35,35,35,35,35,35,35,35,35,35,35,35,35,35,35,35,35,35,35,35,35,35,35,35,35,35,35,35,35,35,35,35,35,35,35,35,61,62,62,62,62,62,62,62,62,62,62,62,62,62,62,62,62,62,62,62,62,62,62,62,62,62,62,62,62,62,62,62,62,62,62,62,62,62,62,62,80,80,80,80,80,80,80,80,80,80,80,80,80,80,80,80,80,80,80,80,80,80,80,80,80,80,80,80,80,80,80,80,80,80,80,80,80,80,80,80,80,
8,8,8,8,8,8,8,8,8,8,8,8,8,8,8,8,8,8,8,8,8,8,8,8,8,8,8,8,8,8,8,8,8,8,8,8,8,8,8,8,35,35,35,35,35,35,35,35,35,35,35,35,35,35,35,35,35,35,35,35,35,35,35,35,35,35,35,35,35,35,35,35,35,35,35,35,35,35,35,35,35,35,35,35,35,35,35,35,35,35,35,35,35,35,35,35,35,35,35,35,62,62,62,62,62,62,62,62,62,62,62,62,62,62,62,62,62,62,62,62,62,62,62,62,62,62,62,62,62,62,62,62,62,62,62,62,62,62,62,62,80,80,80,80,80,80,80,80,80,80,80,80,80,80,80,80,80,80,80,80,80,80,80,80,80,80,80,80,80,80,80,80,80,80,80,80,80,80,80,80,
8,8,8,8,8,8,8,8,8,8,8,8,8,8,8,8,8,8,8,8,8,8,8,8,8,8,8,8,8,8,8,8,8,8,8,8,8,8,8,8,35,35,35,35,35,35,35,35,35,35,35,35,35,35,35,35,35,35,35,35,35,35,35,35,35,35,35,35,35,35,35,35,35,35,35,35,35,35,35,35,35,35,35,35,35,35,35,35,35,35,35,35,35,35,35,35,35,35,35,35,62,62,62,62,62,62,62,62,62,62,62,62,62,62,62,62,62,62,62,62,62,62,62,62,62,62,62,62,62,62,62,62,62,62,62,62,62,62,62,62,80,80,80,80,80,80,80,80,80,80,80,80,80,80,80,80,80,80,80,80,80,80,80,80,80,80,80,80,80,80,80,80,80,80,80,80,80,80,80,80,
8,8,8,8,8,8,8,8,8,8,8,8,8,8,8,8,8,8,8,8,8,8,8,8,8,8,8,8,8,8,8,8,8,8,8,8,8,8,8,8,35,35,35,35,35,35,35,35,35,35,35,35,35,35,35,35,35,35,35,35,35,35,35,35,35,35,35,35,35,35,35,35,35,35,35,35,35,35,35,35,35,35,35,35,35,35,35,35,35,35,35,35,35,35,35,35,35,35,35,35,62,62,62,62,62,62,62,62,62,62,62,62,62,62,62,62,62,62,62,62,62,62,62,62,62,62,62,62,62,62,62,62,62,62,62,62,62,62,62,62,80,80,80,80,80,80,80,80,80,80,80,80,80,80,80,80,80,80,80,80,80,80,80,80,80,80,80,80,80,80,80,80,80,80,80,80,80,80,80,80,
