0,0,0,0,0,0,0,0,0,0,0,0,0,0,0,0,0,0,0,0,0,0,0,0,0,0,0,0,0,0,0,0,9,9,9,9,9,9,9,9,9,9,9,9,9,9,9,9,18,18,18,18,18,18,18,18,18,18,18,18,18,18,18,18,27,27,27,27,27,27,27,27,27,27,27,27,27,27,27,27,55,55,55,55,55,55,55,55,55,55,55,55,55,55,55,55,64,64,64,64,64,64,64,64,64,64,64,64,64,64,64,64,73,73,73,73,73,73,73,73,73,73,73,73,73,73,73,73,73,73,73,73,73,73,73,73,73,73,73,73,73,73,73,73,73,73,73,
0,0,0,0,0,0,0,0,0,0,0,0,0,0,0,0,0,0,0,0,0,0,0,0,0,0,0,0,0,0,0,0,9,9,9,9,9,9,9,9,9,9,9,9,9,9,9,9,18,18,18,18,18,18,18,18,18,18,18,18,18,18,18,18,27,27,27,27,27,27,27,27,27,27,27,27,27,27,27,27,55,55,55,55,55,55,55,55,55,55,55,55,55,55,55,55,64,64,64,64,64,64,64,64,64,64,64,64,64,64,64,64,73,73,73,73,73,73,73,73,73,73,73,73,73,73,73,73,73,73,73,73,73,73,73,73,73,73,73,73,73,73,73,73,73,73,73,
0,0,0,0,0,0,0,0,0,0,0,0,0,0,0,0,0,0,0,0,0,0,0,0,0,0,0,0,0,0,0,0,9,9,9,9,9,9,9,9,9,9,9,9,9,9,9,9,18,18,18,18,18,18,18,18,18,18,18,18,18,18,18,18,27,27,27,27,27,27,27,27,27,27,27,27,27,27,27,27,55,55,55,55,55,55,55,55,55,55,55,55,55,55,55,55,64,64,64,64,64,64,64,64,64,64,64,64,64,64,64,64,73,73,73,73,73,73,73,73,73,73,73,73,73,73,73,73,73,73,73,73,73,73,73,73,73,73,73,73,73,73,73,73,73,73,73,
0,0,0,0,0,0,0,0,0,0,0,0,0,0,0,0,0,0,0,0,0,0,0,0,0,0,0,0,0,0,0,0,9,9,9,9,9,9,9,9,9,9,9,9,9,9,9,9,18,18,18,18,18,18,18,18,18,18,18,18,18,18,18,18,27,27,27,27,27,27,27,27,27,27,27,27,27,27,27,27,55,55,55,55,55,55,55,55,55,55,55,55,55,55,55,55,64,64,64,64,64,64,64,64,64,64,64,64,64,64,64,64,73,73,73,73,73,73,73,73,73,73,73,73,73,73,73,73,73,73,73,73,73,73,73,73,73,73,73,73,73,73,73,73,73,73,73,
0,0,0,0,0,0,0,0,0,0,0,0,0,0,0,0,0,0,0,0,0,0,0,0,0,0,0,0,0,0,0,0,9,9,9,9,9,9,9,9,9,9,9,9,9,9,9,9,18,18,18,18,18,18,18,18,18,18,18,18,18,18,18,18,27,27,27,27,27,27,27,27,27,27,27,27,27,27,27,27,55,55,55,55,55,55,55,55,55,55,55,55,55,55,55,55,64,64,64,64,64,64,64,64,64,64,64,64,64,64,64,64,73,73,73,73,73,73,73,73,73,73,73,73,73,73,73,73,73,73,73,73,73,73,73,73,73,73,73,73,73,73,73,73,73,73,73,
0,0,0,0,0,0,0,0,0,0,0,0,0,0,0,0,0,0,0,0,0,0,0,0,0,0,0,0,0,0,0,0,9,9,9,9,9,9,9,9,9,9,9,9,9,9,9,9,18,18,18,18,18,18,18,18,18,18,18,18,18,18,18,18,27,27,27,27,27,27,27,27,27,27,27,27,27,27,27,27,55,55,55,55,55,55,55,55,55,55,55,55,55,55,55,55,64,64,64,64,64,64,64,64,64,64,64,64,64,64,64,64,73,73,73,73,73,73,73,73,73,73,73,73,73,73,73,73,73,73,73,73,73,73,73,73,73,73,73,73,73,73,73,73,73,73,73,
0,0,0,0,0,0,0,0,0,0,0,0,0,0,0,0,0,0,0,0,0,0,0,0,0,0,0,0,0,0,0,0,9,9,9,9,9,9,9,9,9,9,9,9,9,9,9,9,18,18,18,18,18,18,18,18,18,18,18,18,18,18,18,18,27,27,27,27,27,27,27,27,27,27,27,27,27,27,27,27,55,55,55,55,55,55,55,55,55,55,55,55,55,55,55,55,64,64,64,64,64,64,64,64,64,64,64,64,64,64,64,64,73,73,73,73,73,73,73,73,73,73,73,73,73,73,73,73,73,73,73,73,73,73,73,73,73,73,73,73,73,73,73,73,73,73,73,
0,0,0,0,0,0,0,0,0,0,0,0,0,0,0,0,0,0,0,0,0,0,0,0,0,0,0,0,0,0,0,0,9,9,9,9,9,9,9,9,9,9,9,9,9,9,9,9,18,18,18,18,18,18,18,18,18,18,18,18,18,18,18,18,27,27,27,27,27,27,27,27,27,27,27,27,27,27,27,27,55,55,55,55,55,55,55,55,55,55,55,55,55,55,55,55,64,64,64,64,64,64,64,64,64,64,64,64,64,64,64,64,73,73,73,73,73,73,73,73,73,73,73,73,73,73,73,73,73,73,73,73,73,73,73,73,73,73,73,73,73,73,73,73,73,73,73,
0,0,0,0,0,0,0,0,0,0,0,0,0,0,0,0,0,0,0,0,0,0,0,0,0,0,0,0,0,0,0,0,9,9,9,9,9,9,9,9,9,9,9,9,9,9,9,9,18,18,18,18,18,18,18,18,18,18,18,18,18,18,18,18,27,27,27,27,27,27,27,27,27,27,27,27,27,27,27,27,55,55,55,55,55,55,55,55,55,55,55,55,55,55,55,55,64,64,64,64,64,64,64,64,64,64,64,64,64,64,64,64,73,73,73,73,73,73,73,73,73,73,73,73,73,73,73,73,73,73,73,73,73,73,73,73,73,73,73,73,73,73,73,73,73,73,73,
0,0,0,0,0,0,0,0,0,0,0,0,0,0,0,0,0,0,0,0,0,0,0,0,0,0,0,0,0,0,0,0,9,9,9,9,9,9,9,9,9,9,9,9,9,9,9,9,18,18,18,18,18,18,18,18,18,18,18,18,18,18,18,18,27,27,27,27,27,27,27,27,27,27,27,27,27,27,27,27,55,55,55,55,55,55,55,55,55,55,55,55,55,55,55,55,64,64,64,64,64,64,64,64,64,64,64,64,64,64,64,64,73,73,73,73,73,73,73,73,73,73,73,73,73,73,73,73,73,73,73,73,73,73,73,73,73,73,73,73,73,73,73,73,73,73,73,
0,0,0,0,0,0,0,0,0,0,0,0,0,0,0,0,0,0,0,0,0,0,0,0,0,0,0,0,0,0,0,0,9,9,9,9,9,9,9,9,9,9,9,9,9,9,9,9,18,18,18,18,18,18,18,18,18,18,18,18,18,18,18,18,27,27,27,27,27,27,27,27,27,27,27,27,27,27,27,27,55,55,55,55,55,55,55,55,55,55,55,55,55,55,55,55,64,64,64,64,64,64,64,64,64,64,64,64,64,64,64,64,73,73,73,73,73,73,73,73,73,73,73,73,73,73,73,73,73,73,73,73,73,73,73,73,73,73,73,73,73,73,73,73,73,73,73,
0,0,0,0,0,0,0,0,0,0,0,0,0,0,0,0,0,0,0,0,0,0,0,0,0,0,0,0,0,0,0,0,9,9,9,9,9,9,9,9,9,9,9,9,9,9,9,9,18,18,18,18,18,18,18,18,18,18,18,18,18,18,18,18,27,27,27,27,27,27,27,27,27,27,27,27,27,27,27,27,55,55,55,55,55,55,55,55,55,55,55,55,55,55,55,55,64,64,64,64,64,64,64,64,64,64,64,64,64,64,64,64,73,73,73,73,73,73,73,73,73,73,73,73,73,73,73,73,73,73,73,73,73,73,73,73,73,73,73,73,73,73,73,73,73,73,73,
0,0,0,0,0,0,0,0,0,0,0,0,0,0,0,0,0,0,0,0,0,0,0,0,0,0,0,0,0,0,0,0,9,9,9,9,9,9,9,9,9,9,9,9,9,9,9,9,18,18,18,18,18,18,18,18,18,18,18,18,18,18,18,18,27,27,27,27,27,27,27,27,27,27,27,27,27,27,27,27,55,55,55,55,55,55,55,55,55,55,55,55,55,55,55,55,64,64,64,64,64,64,64,64,64,64,64,64,64,64,64,64,73,73,73,73,73,73,73,73,73,73,73,73,73,73,73,73,73,73,73,73,73,73,73,73,73,73,73,73,73,73,73,73,73,73,73,
0,0,0,0,0,0,0,0,0,0,0,0,0,0,0,0,0,0,0,0,0,0,0,0,0,0,0,0,0,0,0,0,9,9,9,9,9,9,9,9,9,9,9,9,9,9,9,9,18,18,18,18,18,18,18,18,18,18,18,18,18,18,18,18,27,27,27,27,27,27,27,27,27,27,27,27,27,27,27,27,55,55,55,55,55,55,55,55,55,55,55,55,55,55,55,55,64,64,64,64,64,64,64,64,64,64,64,64,64,64,64,64,73,73,73,73,73,73,73,73,73,73,73,73,73,73,73,73,73,73,73,73,73,73,73,73,73,73,73,73,73,73,73,73,73,73,73,
0,0,0,0,0,0,0,0,0,0,0,0,0,0,0,0,0,0,0,0,0,0,0,0,0,0,0,0,0,0,0,0,9,9,9,9,9,9,9,9,9,9,9,9,9,9,9,9,18,18,18,18,18,18,18,18,18,18,18,18,18,18,18,18,27,27,27,27,27,27,27,27,27,27,27,27,27,27,27,27,55,55,55,55,55,55,55,55,55,55,55,55,55,55,55,55,64,64,64,64,64,64,64,64,64,64,64,64,64,64,64,64,73,73,73,73,73,73,73,73,73,73,73,73,73,73,73,73,73,73,73,73,73,73,73,73,73,73,73,73,73,73,73,73,73,73,73,
0,0,0,0,0,0,0,0,0,0,0,0,0,0,0,0,0,0,0,0,0,0,0,0,0,0,0,0,0,0,0,0,9,9,9,9,9,9,9,9,9,9,9,9,9,9,9,9,18,18,18,18,18,18,18,18,18,18,18,18,18,18,18,18,27,27,27,27,27,27,27,27,27,27,27,27,27,27,27,27,55,55,55,55,55,55,55,55,55,55,55,55,55,55,55,55,64,64,64,64,64,64,64,64,64,64,64,64,64,64,64,64,73,73,73,73,73,73,73,73,73,73,73,73,73,73,73,73,73,73,73,73,73,73,73,73,73,73,73,73,73,73,73,73,73,73,73,
0,0,0,0,0,0,0,0,0,0,0,0,0,0,0,0,0,0,0,0,0,0,0,0,0,0,0,0,0,0,0,0,9,9,9,9,9,9,9,9,9,9,9,9,9,9,9,9,18,18,18,18,18,18,18,18,18,18,18,18,18,18,18,18,27,27,27,27,27,27,27,27,27,27,27,27,27,27,27,27,55,55,55,55,55,55,55,55,55,55,55,55,55,55,55,55,64,64,64,64,64,64,64,64,64,64,64,64,64,64,64,64,73,73,73,73,73,73,73,73,73,73,73,73,73,73,73,73,73,73,73,73,73,73,73,73,73,73,73,73,73,73,73,73,73,73,73,
1,1,1,1,1,1,1,1,1,1,1,1,1,1,1,1,1,1,1,1,1,1,1,1,1,1,1,1,1,1,1,1,9,9,9,9,9,9,9,9,9,9,9,9,9,9,9,9,18,18,18,18,18,18,18,18,18,18,18,18,18,18,18,18,27,27,27,27,27,27,27,27,27,27,27,27,27,27,27,27,55,55,55,55,55,55,55,55,55,55,55,55,55,55,55,55,64,64,64,64,64,64,64,64,64,64,64,64,64,64,64,64,73,73,73,73,73,73,73,73,73,73,73,73,73,73,73,73,73,73,73,73,73,73,73,73,73,73,73,73,73,73,73,73,73,73,73,
1,1,1,1,1,1,1,1,1,1,1,1,1,1,1,1,1,1,1,1,1,1,1,1,1,1,1,1,1,1,1,1,9,9,9,9,9,9,9,9,9,9,9,9,9,9,9,9,18,18,18,18,18,18,18,18,18,18,18,18,18,18,18,18,27,27,27,27,27,27,27,27,27,27,27,27,27,27,27,27,55,55,55,55,55,55,55,55,55,55,55,55,55,55,55,55,64,64,64,64,64,64,64,64,64,64,64,64,64,64,64,64,73,73,73,73,73,73,73,73,73,73,73,73,73,73,73,73,73,73,73,73,73,73,73,73,73,73,73,73,73,73,73,73,73,73,73,
1,1,1,1,1,1,1,1,1,1,1,1,1,1,1,1,1,1,1,1,1,1,1,1,1,1,1,1,1,1,1,1,9,9,9,9,9,9,9,9,9,9,9,9,9,9,9,9,18,18,18,18,18,18,18,18,18,18,18,18,18,18,18,18,27,27,27,27,27,27,27,27,27,27,27,27,27,27,27,27,55,55,55,55,55,55,55,55,55,55,55,55,55,55,55,55,64,64,64,64,64,64,64,64,64,64,64,64,64,64,64,64,73,73,73,73,73,73,73,73,73,73,73,73,73,73,73,73,73,73,73,73,73,73,73,73,73,73,73,73,73,73,73,73,73,73,73,
1,1,1,1,1,1,1,1,1,1,1,1,1,1,1,1,1,1,1,1,1,1,1,1,1,1,1,1,1,1,1,1,9,9,9,9,9,9,9,9,9,9,9,9,9,9,9,9,18,18,18,18,18,18,18,18,18,18,18,18,18,18,18,18,27,27,27,27,27,27,27,27,27,27,27,27,27,27,27,27,55,55,55,55,55,55,55,55,55,55,55,55,55,55,55,55,64,64,64,64,64,64,64,64,64,64,64,64,64,64,64,64,73,73,73,73,73,73,73,73,73,73,73,73,73,73,73,73,73,73,73,73,73,73,73,73,73,73,73,73,73,73,73,73,73,73,73,
1,1,1,1,1,1,1,1,1,1,1,1,1,1,1,1,1,1,1,1,1,1,1,1,1,1,1,1,1,1,1,1,9,9,9,9,9,9,9,9,9,9,9,9,9,9,9,9,18,18,18,18,18,18,18,18,18,18,18,18,18,18,18,18,27,27,27,27,27,27,27,27,27,27,27,27,27,27,27,27,55,55,55,55,55,55,55,55,55,55,55,55,55,55,55,55,64,64,64,64,64,64,64,64,64,64,64,64,64,64,64,64,73,73,73,73,73,73,73,73,73,73,73,73,73,73,73,73,73,73,73,73,73,73,73,73,73,73,73,73,73,73,73,73,73,73,73,
1,1,1,1,1,1,1,1,1,1,1,1,1,1,1,1,1,1,1,1,1,1,1,1,1,1,1,1,1,1,1,1,9,9,9,9,9,9,9,9,9,9,9,9,9,9,9,9,18,18,18,18,18,18,18,18,18,18,18,18,18,18,18,18,27,27,27,27,27,27,27,27,27,27,27,27,27,27,27,27,55,55,55,55,55,55,55,55,55,55,55,55,55,55,55,55,64,64,64,64,64,64,64,64,64,64,64,64,64,64,64,64,73,73,73,73,73,73,73,73,73,73,73,73,73,73,73,73,73,73,73,73,73,73,73,73,73,73,73,73,73,73,73,73,73,73,73,
1,1,1,1,1,1,1,1,1,1,1,1,1,1,1,1,1,1,1,1,1,1,1,1,1,1,1,1,1,1,1,1,9,9,9,9,9,9,9,9,9,9,9,9,9,9,9,9,18,18,18,18,18,18,18,18,18,18,18,18,18,18,18,18,27,27,27,27,27,27,27,27,27,27,27,27,27,27,27,27,55,55,55,55,55,55,55,55,55,55,55,55,55,55,55,55,64,64,64,64,64,64,64,64,64,64,64,64,64,64,64,64,73,73,73,73,73,73,73,73,73,73,73,73,73,73,73,73,73,73,73,73,73,73,73,73,73,73,73,73,73,73,73,73,73,73,73,
1,1,1,1,1,1,1,1,1,1,1,1,1,1,1,1,1,1,1,1,1,1,1,1,1,1,1,1,1,1,1,1,9,9,9,9,9,9,9,9,9,9,9,9,9,9,9,9,18,18,18,18,18,18,18,18,18,18,18,18,18,18,18,18,27,27,27,27,27,27,27,27,27,27,27,27,27,27,27,27,55,55,55,55,55,55,55,55,55,55,55,55,55,55,55,55,64,64,64,64,64,64,64,64,64,64,64,64,64,64,64,64,73,73,73,73,73,73,73,73,73,73,73,73,73,73,73,73,73,73,73,73,73,73,73,73,73,73,73,73,73,73,73,73,73,73,73,
1,1,1,1,1,1,1,1,1,1,1,1,1,1,1,1,1,1,1,1,1,1,1,1,1,1,1,1,1,1,1,1,9,9,9,9,9,9,9,9,9,9,9,9,9,9,9,9,18,18,18,18,18,18,18,18,18,18,18,18,18,18,18,18,27,27,27,27,27,27,27,27,27,27,27,27,27,27,27,27,55,55,55,55,55,55,55,55,55,55,55,55,55,55,55,55,64,64,64,64,64,64,64,64,64,64,64,64,64,64,64,64,73,73,73,73,73,73,73,73,73,73,73,73,73,73,73,73,73,73,73,73,73,73,73,73,73,73,73,73,73,73,73,73,73,73,73,
1,1,1,1,1,1,1,1,1,1,1,1,1,1,1,1,1,1,1,1,1,1,1,1,1,1,1,1,1,1,1,1,9,9,9,9,9,9,9,9,9,9,9,9,9,9,9,9,18,18,18,18,18,18,18,18,18,18,18,18,18,18,18,18,27,27,27,27,27,27,27,27,27,27,27,27,27,27,27,27,55,55,55,55,55,55,55,55,55,55,55,55,55,55,55,55,64,64,64,64,64,64,64,64,64,64,64,64,64,64,64,64,73,73,73,73,73,73,73,73,73,73,73,73,73,73,73,73,73,73,73,73,73,73,73,73,73,73,73,73,73,73,73,73,73,73,73,
1,1,1,1,1,1,1,1,1,1,1,1,1,1,1,1,1,1,1,1,1,1,1,1,1,1,1,1,1,1,1,1,9,9,9,9,9,9,9,9,9,9,9,9,9,9,9,9,18,18,18,18,18,18,18,18,18,18,18,18,18,18,18,18,27,27,27,27,27,27,27,27,27,27,27,27,27,27,27,27,55,55,55,55,55,55,55,55,55,55,55,55,55,55,55,55,64,64,64,64,64,64,64,64,64,64,64,64,64,64,64,64,73,73,73,73,73,73,73,73,73,73,73,73,73,73,73,73,73,73,73,73,73,73,73,73,73,73,73,73,73,73,73,73,73,73,73,
1,1,1,1,1,1,1,1,1,1,1,1,1,1,1,1,1,1,1,1,1,1,1,1,1,1,1,1,1,1,1,1,9,9,9,9,9,9,9,9,9,9,9,9,9,9,9,9,18,18,18,18,18,18,18,18,18,18,18,18,18,18,18,18,27,27,27,27,27,27,27,27,27,27,27,27,27,27,27,27,55,55,55,55,55,55,55,55,55,55,55,55,55,55,55,55,64,64,64,64,64,64,64,64,64,64,64,64,64,64,64,64,73,73,73,73,73,73,73,73,73,73,73,73,73,73,73,73,73,73,73,73,73,73,73,73,73,73,73,73,73,73,73,73,73,73,73,
1,1,1,1,1,1,1,1,1,1,1,1,1,1,1,1,1,1,1,1,1,1,1,1,1,1,1,1,1,1,1,1,9,9,9,9,9,9,9,9,9,9,9,9,9,9,9,9,18,18,18,18,18,18,18,18,18,18,18,18,18,18,18,18,27,27,27,27,27,27,27,27,27,27,27,27,27,27,27,27,55,55,55,55,55,55,55,55,55,55,55,55,55,55,55,55,64,64,64,64,64,64,64,64,64,64,64,64,64,64,64,64,73,73,73,73,73,73,73,73,73,73,73,73,73,73,73,73,73,73,73,73,73,73,73,73,73,73,73,73,73,73,73,73,73,73,73,
1,1,1,1,1,1,1,1,1,1,1,1,1,1,1,1,1,1,1,1,1,1,1,1,1,1,1,1,1,1,1,1,9,9,9,9,9,9,9,9,9,9,9,9,9,9,9,9,18,18,18,18,18,18,18,18,18,18,18,18,18,18,18,18,27,27,27,27,27,27,27,27,27,27,27,27,27,27,27,27,55,55,55,55,55,55,55,55,55,55,55,55,55,55,55,55,64,64,64,64,64,64,64,64,64,64,64,64,64,64,64,64,73,73,73,73,73,73,73,73,73,73,73,73,73,73,73,73,73,73,73,73,73,73,73,73,73,73,73,73,73,73,73,73,73,73,73,
1,1,1,1,1,1,1,1,1,1,1,1,1,1,1,1,1,1,1,1,1,1,1,1,1,1,1,1,1,1,1,1,9,9,9,9,9,9,9,9,9,9,9,9,9,9,9,9,18,18,18,18,18,18,18,18,18,18,18,18,18,18,18,18,27,27,27,27,27,27,27,27,27,27,27,27,27,27,27,27,55,55,55,55,55,55,55,55,55,55,55,55,55,55,55,55,64,64,64,64,64,64,64,64,64,64,64,64,64,64,64,64,73,73,73,73,73,73,73,73,73,73,73,73,73,73,73,73,73,73,73,73,73,73,73,73,73,73,73,73,73,73,73,73,73,73,73,
1,1,1,1,1,1,1,1,1,1,1,1,1,1,1,1,1,1,1,1,1,1,1,1,1,1,1,1,1,1,1,1,10,10,10,10,10,10,10,10,10,10,10,10,10,10,10,10,19,19,19,19,19,19,19,19,19,19,19,19,19,19,19,19,46,46,46,46,46,46,46,46,46,46,46,46,46,46,46,46,55,55,55,55,55,55,55,55,55,55,55,55,55,55,55,55,64,64,64,64,64,64,64,64,64,64,64,64,64,64,64,64,73,73,73,73,73,73,73,73,73,73,73,73,73,73,73,73,73,73,73,73,73,73,73,73,73,73,73,73,73,73,73,73,73,73,73,
2,2,2,2,2,2,2,2,2,2,2,2,2,2,2,2,2,2,2,2,2,2,2,2,2,2,2,2,2,2,2,2,10,10,10,10,10,10,10,10,10,10,10,10,10,10,10,10,19,19,19,19,19,19,19,19,19,19,19,19,19,19,19,19,46,46,46,46,46,46,46,46,46,46,46,46,46,46,46,46,55,55,55,55,55,55,55,55,55,55,55,55,55,55,55,55,64,64,64,64,64,64,64,64,64,64,64,64,64,64,64,64,73,73,73,73,73,73,73,73,73,73,73,73,73,73,73,73,73,73,73,73,73,73,73,73,73,73,73,73,73,73,73,73,73,73,73,
2,2,2,2,2,2,2,2,2,2,2,2,2,2,2,2,2,2,2,2,2,2,2,2,2,2,2,2,2,2,2,2,10,10,10,10,10,10,10,10,10,10,10,10,10,10,10,10,19,19,19,19,19,19,19,19,19,19,19,19,19,19,19,19,46,46,46,46,46,46,46,46,46,46,46,46,46,46,46,46,55,55,55,55,55,55,55,55,55,55,55,55,55,55,55,55,64,64,64,64,64,64,64,64,64,64,64,64,64,64,64,64,73,73,73,73,73,73,73,73,73,73,73,73,73,73,73,73,73,73,73,73,73,73,73,73,73,73,73,73,73,73,73,73,73,73,73,
2,2,2,2,2,2,2,2,2,2,2,2,2,2,2,2,2,2,2,2,2,2,2,2,2,2,2,2,2,2,2,2,10,10,10,10,10,10,10,10,10,10,10,10,10,10,10,10,19,19,19,19,19,19,19,19,19,19,19,19,19,19,19,19,46,46,46,46,46,46,46,46,46,46,46,46,46,46,46,46,55,55,55,55,55,55,55,55,55,55,55,55,55,55,55,55,64,64,64,64,64,64,64,64,64,64,64,64,64,64,64,64,73,73,73,73,73,73,73,73,73,73,73,73,73,73,73,73,73,73,73,73,73,73,73,73,73,73,73,73,73,73,73,73,73,73,73,
2,2,2,2,2,2,2,2,2,2,2,2,2,2,2,2,2,2,2,2,2,2,2,2,2,2,2,2,2,2,2,2,10,10,10,10,10,10,10,10,10,10,10,10,10,10,10,10,19,19,19,19,19,19,19,19,19,19,19,19,19,19,19,19,46,46,46,46,46,46,46,46,46,46,46,46,46,46,46,46,55,55,55,55,55,55,55,55,55,55,55,55,55,55,55,55,64,64,64,64,64,64,64,64,64,64,64,64,64,64,64,64,73,73,73,73,73,73,73,73,73,73,73,73,73,73,73,73,73,73,73,73,73,73,73,73,73,73,73,73,73,73,73,73,73,73,73,
2,2,2,2,2,2,2,2,2,2,2,2,2,2,2,2,2,2,2,2,2,2,2,2,2,2,2,2,2,2,2,2,10,10,10,10,10,10,10,10,10,10,10,10,10,10,10,10,19,19,19,19,19,19,19,19,19,19,19,19,19,19,19,19,46,46,46,46,46,46,46,46,46,46,46,46,46,46,46,46,55,55,55,55,55,55,55,55,55,55,55,55,55,55,55,55,64,64,64,64,64,64,64,64,64,64,64,64,64,64,64,64,73,73,73,73,73,73,73,73,73,73,73,73,73,73,73,73,73,73,73,73,73,73,73,73,73,73,73,73,73,73,73,73,73,73,73,
2,2,2,2,2,2,2,2,2,2,2,2,2,2,2,2,2,2,2,2,2,2,2,2,2,2,2,2,2,2,2,2,10,10,10,10,10,10,10,10,10,10,10,10,10,10,10,10,19,19,19,19,19,19,19,19,19,19,19,19,19,19,19,19,46,46,46,46,46,46,46,46,46,46,46,46,46,46,46,46,55,55,55,55,55,55,55,55,55,55,55,55,55,55,55,55,64,64,64,64,64,64,64,64,64,64,64,64,64,64,64,64,73,73,73,73,73,73,73,73,73,73,73,73,73,73,73,73,73,73,73,73,73,73,73,73,73,73,73,73,73,73,73,73,73,73,73,
2,2,2,2,2,2,2,2,2,2,2,2,2,2,2,2,2,2,2,2,2,2,2,2,2,2,2,2,2,2,2,2,10,10,10,10,10,10,10,10,10,10,10,10,10,10,10,10,19,19,19,19,19,19,19,19,19,19,19,19,19,19,19,19,46,46,46,46,46,46,46,46,46,46,46,46,46,46,46,46,55,55,55,55,55,55,55,55,55,55,55,55,55,55,55,55,64,64,64,64,64,64,64,64,64,64,64,64,64,64,64,64,73,73,73,73,73,73,73,73,73,73,73,73,73,73,73,73,73,73,73,73,73,73,73,73,73,73,73,73,73,73,73,73,73,73,73,
2,2,2,2,2,2,2,2,2,2,2,2,2,2,2,2,2,2,2,2,2,2,2,2,2,2,2,2,2,2,2,2,10,10,10,10,10,10,10,10,10,10,10,10,10,10,10,10,19,19,19,19,19,19,19,19,19,19,19,19,19,19,19,19,46,46,46,46,46,46,46,46,46,46,46,46,46,46,46,46,55,55,55,55,55,55,55,55,55,55,55,55,55,55,55,55,64,64,64,64,64,64,64,64,64,64,64,64,64,64,64,64,73,73,73,73,73,73,73,73,73,73,73,73,73,73,73,73,73,73,73,73,73,73,73,73,73,73,73,73,73,73,73,73,73,73,73,
2,2,2,2,2,2,2,2,2,2,2,2,2,2,2,2,2,2,2,2,2,2,2,2,2,2,2,2,2,2,2,2,10,10,10,10,10,10,10,10,10,10,10,10,10,10,10,10,19,19,19,19,19,19,19,19,19,19,19,19,19,19,19,19,46,46,46,46,46,46,46,46,46,46,46,46,46,46,46,46,55,55,55,55,55,55,55,55,55,55,55,55,55,55,55,55,64,64,64,64,64,64,64,64,64,64,64,64,64,64,64,64,73,73,73,73,73,73,73,73,73,73,73,73,73,73,73,73,73,73,73,73,73,73,73,73,73,73,73,73,73,73,73,73,73,73,73,
2,2,2,2,2,2,2,2,2,2,2,2,2,2,2,2,2,2,2,2,2,2,2,2,2,2,2,2,2,2,2,2,10,10,10,10,10,10,10,10,10,10,10,10,10,10,10,10,19,19,19,19,19,19,19,19,19,19,19,19,19,19,19,19,46,46,46,46,46,46,46,46,46,46,46,46,46,46,46,46,55,55,55,55,55,55,55,55,55,55,55,55,55,55,55,55,64,64,64,64,64,64,64,64,64,64,64,64,64,64,64,64,73,73,73,73,73,73,73,73,73,73,73,73,73,73,73,73,73,73,73,73,73,73,73,73,73,73,73,73,73,73,73,73,73,73,73,
2,2,2,2,2,2,2,2,2,2,2,2,2,2,2,2,2,2,2,2,2,2,2,2,2,2,2,2,2,2,2,2,10,10,10,10,10,10,10,10,10,10,10,10,10,10,10,10,19,19,19,19,19,19,19,19,19,19,19,19,19,19,19,19,46,46,46,46,46,46,46,46,46,46,46,46,46,46,46,46,55,55,55,55,55,55,55,55,55,55,55,55,55,55,55,55,64,64,64,64,64,64,64,64,64,64,64,64,64,64,64,64,73,73,73,73,73,73,73,73,73,73,73,73,73,73,73,73,73,73,73,73,73,73,73,73,73,73,73,73,73,73,73,73,73,73,73,
2,2,2,2,2,2,2,2,2,2,2,2,2,2,2,2,2,2,2,2,2,2,2,2,2,2,2,2,2,2,2,2,10,10,10,10,10,10,10,10,10,10,10,10,10,10,10,10,19,19,19,19,19,19,19,19,19,19,19,19,19,19,19,19,46,46,46,46,46,46,46,46,46,46,46,46,46,46,46,46,55,55,55,55,55,55,55,55,55,55,55,55,55,55,55,55,64,64,64,64,64,64,64,64,64,64,64,64,64,64,64,64,73,73,73,73,73,73,73,73,73,73,73,73,73,73,73,73,73,73,73,73,73,73,73,73,73,73,73,73,73,73,73,73,73,73,73,
2,2,2,2,2,2,2,2,2,2,2,2,2,2,2,2,2,2,2,2,2,2,2,2,2,2,2,2,2,2,2,2,10,10,10,10,10,10,10,10,10,10,10,10,10,10,10,10,19,19,19,19,19,19,19,19,19,19,19,19,19,19,19,19,46,46,46,46,46,46,46,46,46,46,46,46,46,46,46,46,55,55,55,55,55,55,55,55,55,55,55,55,55,55,55,55,64,64,64,64,64,64,64,64,64,64,64,64,64,64,64,64,73,73,73,73,73,73,73,73,73,73,73,73,73,73,73,73,73,73,73,73,73,73,73,73,73,73,73,73,73,73,73,73,73,73,73,
2,2,2,2,2,2,2,2,2,2,2,2,2,2,2,2,2,2,2,2,2,2,2,2,2,2,2,2,2,2,2,2,10,10,10,10,10,10,10,10,10,10,10,10,10,10,10,10,19,19,19,19,19,19,19,19,19,19,19,19,19,19,19,19,46,46,46,46,46,46,46,46,46,46,46,46,46,46,46,46,55,55,55,55,55,55,55,55,55,55,55,55,55,55,55,55,64,64,64,64,64,64,64,64,64,64,64,64,64,64,64,64,73,73,73,73,73,73,73,73,73,73,73,73,73,73,73,73,73,73,73,73,73,73,73,73,73,73,73,73,73,73,73,73,73,73,73,
2,2,2,2,2,2,2,2,2,2,2,2,2,2,2,2,2,2,2,2,2,2,2,2,2,2,2,2,2,2,2,2,10,10,10,10,10,10,10,10,10,10,10,10,10,10,10,10,19,19,19,19,19,19,19,19,19,19,19,19,19,19,19,19,46,46,46,46,46,46,46,46,46,46,46,46,46,46,46,46,55,55,55,55,55,55,55,55,55,55,55,55,55,55,55,55,64,64,64,64,64,64,64,64,64,64,64,64,64,64,64,64,73,73,73,73,73,73,73,73,73,73,73,73,73,73,73,73,73,73,73,73,73,73,73,73,73,73,73,73,73,73,73,73,73,73,73,
2,2,2,2,2,2,2,2,2,2,2,2,2,2,2,2,2,2,2,2,2,2,2,2,2,2,2,2,2,2,2,2,11,11,11,11,11,11,11,11,11,11,11,11,11,11,11,11,20,20,20,20,20,20,20,20,20,20,20,20,20,20,20,20,47,47,47,47,47,47,47,47,47,47,47,47,47,47,47,47,56,56,56,56,56,56,56,56,56,56,56,56,56,56,56,56,65,65,65,65,65,65,65,65,65,65,65,65,65,65,65,65,74,74,74,74,74,74,74,74,74,74,74,74,74,74,74,74,74,74,74,74,74,74,74,74,74,74,74,74,74,74,74,74,74,74,74,
3,3,3,3,3,3,3,3,3,3,3,3,3,3,3,3,3,3,3,3,3,3,3,3,3,3,3,3,3,3,3,3,11,11,11,11,11,11,11,11,11,11,11,11,11,11,11,11,20,20,20,20,20,20,20,20,20,20,20,20,20,20,20,20,47,47,47,47,47,47,47,47,47,47,47,47,47,47,47,47,56,56,56,56,56,56,56,56,56,56,56,56,56,56,56,56,65,65,65,65,65,65,65,65,65,65,65,65,65,65,65,65,74,74,74,74,74,74,74,74,74,74,74,74,74,74,74,74,74,74,74,74,74,74,74,74,74,74,74,74,74,74,74,74,74,74,74,
3,3,3,3,3,3,3,3,3,3,3,3,3,3,3,3,3,3,3,3,3,3,3,3,3,3,3,3,3,3,3,3,11,11,11,11,11,11,11,11,11,11,11,11,11,11,11,11,20,20,20,20,20,20,20,20,20,20,20,20,20,20,20,20,47,47,47,47,47,47,47,47,47,47,47,47,47,47,47,47,56,56,56,56,56,56,56,56,56,56,56,56,56,56,56,56,65,65,65,65,65,65,65,65,65,65,65,65,65,65,65,65,74,74,74,74,74,74,74,74,74,74,74,74,74,74,74,74,74,74,74,74,74,74,74,74,74,74,74,74,74,74,74,74,74,74,74,
3,3,3,3,3,3,3,3,3,3,3,3,3,3,3,3,3,3,3,3,3,3,3,3,3,3,3,3,3,3,3,3,11,11,11,11,11,11,11,11,11,11,11,11,11,11,11,11,20,20,20,20,20,20,20,20,20,20,20,20,20,20,20,20,47,47,47,47,47,47,47,47,47,47,47,47,47,47,47,47,56,56,56,56,56,56,56,56,56,56,56,56,56,56,56,56,65,65,65,65,65,65,65,65,65,65,65,65,65,65,65,65,74,74,74,74,74,74,74,74,74,74,74,74,74,74,74,74,74,74,74,74,74,74,74,74,74,74,74,74,74,74,74,74,74,74,74,
3,3,3,3,3,3,3,3,3,3,3,3,3,3,3,3,3,3,3,3,3,3,3,3,3,3,3,3,3,3,3,3,11,11,11,11,11,11,11,11,11,11,11,11,11,11,11,11,20,20,20,20,20,20,20,20,20,20,20,20,20,20,20,20,47,47,47,47,47,47,47,47,47,47,47,47,47,47,47,47,56,56,56,56,56,56,56,56,56,56,56,56,56,56,56,56,65,65,65,65,65,65,65,65,65,65,65,65,65,65,65,65,74,74,74,74,74,74,74,74,74,74,74,74,74,74,74,74,74,74,74,74,74,74,74,74,74,74,74,74,74,74,74,74,74,74,74,
3,3,3,3,3,3,3,3,3,3,3,3,3,3,3,3,3,3,3,3,3,3,3,3,3,3,3,3,3,3,3,3,11,11,11,11,11,11,11,11,11,11,11,11,11,11,11,11,20,20,20,20,20,20,20,20,20,20,20,20,20,20,20,20,47,47,47,47,47,47,47,47,47,47,47,47,47,47,47,47,56,56,56,56,56,56,56,56,56,56,56,56,56,56,56,56,65,65,65,65,65,65,65,65,65,65,65,65,65,65,65,65,74,74,74,74,74,74,74,74,74,74,74,74,74,74,74,74,74,74,74,74,74,74,74,74,74,74,74,74,74,74,74,74,74,74,74,
3,3,3,3,3,3,3,3,3,3,3,3,3,3,3,3,3,3,3,3,3,3,3,3,3,3,3,3,3,3,3,3,11,11,11,11,11,11,11,11,11,11,11,11,11,11,11,11,20,20,20,20,20,20,20,20,20,20,20,20,20,20,20,20,47,47,47,47,47,47,47,47,47,47,47,47,47,47,47,47,56,56,56,56,56,56,56,56,56,56,56,56,56,56,56,56,65,65,65,65,65,65,65,65,65,65,65,65,65,65,65,65,74,74,74,74,74,74,74,74,74,74,74,74,74,74,74,74,74,74,74,74,74,74,74,74,74,74,74,74,74,74,74,74,74,74,74,
3,3,3,3,3,3,3,3,3,3,3,3,3,3,3,3,3,3,3,3,3,3,3,3,3,3,3,3,3,3,3,3,11,11,11,11,11,11,11,11,11,11,11,11,11,11,11,11,20,20,20,20,20,20,20,20,20,20,20,20,20,20,20,20,47,47,47,47,47,47,47,47,47,47,47,47,47,47,47,47,56,56,56,56,56,56,56,56,56,56,56,56,56,56,56,56,65,65,65,65,65,65,65,65,65,65,65,65,65,65,65,65,74,74,74,74,74,74,74,74,74,74,74,74,74,74,74,74,74,74,74,74,74,74,74,74,74,74,74,74,74,74,74,74,74,74,74,
3,3,3,3,3,3,3,3,3,3,3,3,3,3,3,3,3,3,3,3,3,3,3,3,3,3,3,3,3,3,3,3,11,11,11,11,11,11,11,11,11,11,11,11,11,11,11,11,20,20,20,20,20,20,20,20,20,20,20,20,20,20,20,20,47,47,47,47,47,47,47,47,47,47,47,47,47,47,47,47,56,56,56,56,56,56,56,56,56,56,56,56,56,56,56,56,65,65,65,65,65,65,65,65,65,65,65,65,65,65,65,65,74,74,74,74,74,74,74,74,74,74,74,74,74,74,74,74,74,74,74,74,74,74,74,74,74,74,74,74,74,74,74,74,74,74,74,
3,3,3,3,3,3,3,3,3,3,3,3,3,3,3,3,3,3,3,3,3,3,3,3,3,3,3,3,3,3,3,3,11,11,11,11,11,11,11,11,11,11,11,11,11,11,11,11,20,20,20,20,20,20,20,20,20,20,20,20,20,20,20,20,47,47,47,47,47,47,47,47,47,47,47,47,47,47,47,47,56,56,56,56,56,56,56,56,56,56,56,56,56,56,56,56,65,65,65,65,65,65,65,65,65,65,65,65,65,65,65,65,74,74,74,74,74,74,74,74,74,74,74,74,74,74,74,74,74,74,74,74,74,74,74,74,74,74,74,74,74,74,74,74,74,74,74,
3,3,3,3,3,3,3,3,3,3,3,3,3,3,3,3,3,3,3,3,3,3,3,3,3,3,3,3,3,3,3,3,11,11,11,11,11,11,11,11,11,11,11,11,11,11,11,11,20,20,20,20,20,20,20,20,20,20,20,20,20,20,20,20,47,47,47,47,47,47,47,47,47,47,47,47,47,47,47,47,56,56,56,56,56,56,56,56,56,56,56,56,56,56,56,56,65,65,65,65,65,65,65,65,65,65,65,65,65,65,65,65,74,74,74,74,74,74,74,74,74,74,74,74,74,74,74,74,74,74,74,74,74,74,74,74,74,74,74,74,74,74,74,74,74,74,74,
3,3,3,3,3,3,3,3,3,3,3,3,3,3,3,3,3,3,3,3,3,3,3,3,3,3,3,3,3,3,3,3,11,11,11,11,11,11,11,11,11,11,11,11,11,11,11,11,20,20,20,20,20,20,20,20,20,20,20,20,20,20,20,20,47,47,47,47,47,47,47,47,47,47,47,47,47,47,47,47,56,56,56,56,56,56,56,56,56,56,56,56,56,56,56,56,65,65,65,65,65,65,65,65,65,65,65,65,65,65,65,65,74,74,74,74,74,74,74,74,74,74,74,74,74,74,74,74,74,74,74,74,74,74,74,74,74,74,74,74,74,74,74,74,74,74,74,
3,3,3,3,3,3,3,3,3,3,3,3,3,3,3,3,3,3,3,3,3,3,3,3,3,3,3,3,3,3,3,3,11,11,11,11,11,11,11,11,11,11,11,11,11,11,11,11,20,20,20,20,20,20,20,20,20,20,20,20,20,20,20,20,47,47,47,47,47,47,47,47,47,47,47,47,47,47,47,47,56,56,56,56,56,56,56,56,56,56,56,56,56,56,56,56,65,65,65,65,65,65,65,65,65,65,65,65,65,65,65,65,74,74,74,74,74,74,74,74,74,74,74,74,74,74,74,74,74,74,74,74,74,74,74,74,74,74,74,74,74,74,74,74,74,74,74,
3,3,3,3,3,3,3,3,3,3,3,3,3,3,3,3,3,3,3,3,3,3,3,3,3,3,3,3,3,3,3,3,11,11,11,11,11,11,11,11,11,11,11,11,11,11,11,11,20,20,20,20,20,20,20,20,20,20,20,20,20,20,20,20,47,47,47,47,47,47,47,47,47,47,47,47,47,47,47,47,56,56,56,56,56,56,56,56,56,56,56,56,56,56,56,56,65,65,65,65,65,65,65,65,65,65,65,65,65,65,65,65,74,74,74,74,74,74,74,74,74,74,74,74,74,74,74,74,74,74,74,74,74,74,74,74,74,74,74,74,74,74,74,74,74,74,74,
3,3,3,3,3,3,3,3,3,3,3,3,3,3,3,3,3,3,3,3,3,3,3,3,3,3,3,3,3,3,3,3,11,11,11,11,11,11,11,11,11,11,11,11,11,11,11,11,20,20,20,20,20,20,20,20,20,20,20,20,20,20,20,20,47,47,47,47,47,47,47,47,47,47,47,47,47,47,47,47,56,56,56,56,56,56,56,56,56,56,56,56,56,56,56,56,65,65,65,65,65,65,65,65,65,65,65,65,65,65,65,65,74,74,74,74,74,74,74,74,74,74,74,74,74,74,74,74,74,74,74,74,74,74,74,74,74,74,74,74,74,74,74,74,74,74,74,
3,3,3,3,3,3,3,3,3,3,3,3,3,3,3,3,3,3,3,3,3,3,3,3,3,3,3,3,3,3,3,3,11,11,11,11,11,11,11,11,11,11,11,11,11,11,11,11,20,20,20,20,20,20,20,20,20,20,20,20,20,20,20,20,47,47,47,47,47,47,47,47,47,47,47,47,47,47,47,47,56,56,56,56,56,56,56,56,56,56,56,56,56,56,56,56,65,65,65,65,65,65,65,65,65,65,65,65,65,65,65,65,74,74,74,74,74,74,74,74,74,74,74,74,74,74,74,74,74,74,74,74,74,74,74,74,74,74,74,74,74,74,74,74,74,74,74,
3,3,3,3,3,3,3,3,3,3,3,3,3,3,3,3,3,3,3,3,3,3,3,3,3,3,3,3,3,3,3,3,12,12,12,12,12,12,12,12,12,12,12,12,12,12,12,12,21,21,21,21,21,21,21,21,21,21,21,21,21,21,21,21,48,48,48,48,48,48,48,48,48,48,48,48,48,48,48,48,57,57,57,57,57,57,57,57,57,57,57,57,57,57,57,57,66,66,66,66,66,66,66,66,66,66,66,66,66,66,66,66,75,75,75,75,75,75,75,75,75,75,75,75,75,75,75,75,75,75,75,75,75,75,75,75,75,75,75,75,75,75,75,75,75,75,75,
4,4,4,4,4,4,4,4,4,4,4,4,4,4,4,4,4,4,4,4,4,4,4,4,4,4,4,4,4,4,4,4,12,12,12,12,12,12,12,12,12,12,12,12,12,12,12,12,21,21,21,21,21,21,21,21,21,21,21,21,21,21,21,21,48,48,48,48,48,48,48,48,48,48,48,48,48,48,48,48,57,57,57,57,57,57,57,57,57,57,57,57,57,57,57,57,66,66,66,66,66,66,66,66,66,66,66,66,66,66,66,66,75,75,75,75,75,75,75,75,75,75,75,75,75,75,75,75,75,75,75,75,75,75,75,75,75,75,75,75,75,75,75,75,75,75,75,
4,4,4,4,4,4,4,4,4,4,4,4,4,4,4,4,4,4,4,4,4,4,4,4,4,4,4,4,4,4,4,4,12,12,12,12,12,12,12,12,12,12,12,12,12,12,12,12,21,21,21,21,21,21,21,21,21,21,21,21,21,21,21,21,48,48,48,48,48,48,48,48,48,48,48,48,48,48,48,48,57,57,57,57,57,57,57,57,57,57,57,57,57,57,57,57,66,66,66,66,66,66,66,66,66,66,66,66,66,66,66,66,75,75,75,75,75,75,75,75,75,75,75,75,75,75,75,75,75,75,75,75,75,75,75,75,75,75,75,75,75,75,75,75,75,75,75,
4,4,4,4,4,4,4,4,4,4,4,4,4,4,4,4,4,4,4,4,4,4,4,4,4,4,4,4,4,4,4,4,12,12,12,12,12,12,12,12,12,12,12,12,12,12,12,12,21,21,21,21,21,21,21,21,21,21,21,21,21,21,21,21,48,48,48,48,48,48,48,48,48,48,48,48,48,48,48,48,57,57,57,57,57,57,57,57,57,57,57,57,57,57,57,57,66,66,66,66,66,66,66,66,66,66,66,66,66,66,66,66,75,75,75,75,75,75,75,75,75,75,75,75,75,75,75,75,75,75,75,75,75,75,75,75,75,75,75,75,75,75,75,75,75,75,75,
4,4,4,4,4,4,4,4,4,4,4,4,4,4,4,4,4,4,4,4,4,4,4,4,4,4,4,4,4,4,4,4,12,12,12,12,12,12,12,12,12,12,12,12,12,12,12,12,21,21,21,21,21,21,21,21,21,21,21,21,21,21,21,21,48,48,48,48,48,48,48,48,48,48,48,48,48,48,48,48,57,57,57,57,57,57,57,57,57,57,57,57,57,57,57,57,66,66,66,66,66,66,66,66,66,66,66,66,66,66,66,66,75,75,75,75,75,75,75,75,75,75,75,75,75,75,75,75,75,75,75,75,75,75,75,75,75,75,75,75,75,75,75,75,75,75,75,
4,4,4,4,4,4,4,4,4,4,4,4,4,4,4,4,4,4,4,4,4,4,4,4,4,4,4,4,4,4,4,4,12,12,12,12,12,12,12,12,12,12,12,12,12,12,12,12,21,21,21,21,21,21,21,21,21,21,21,21,21,21,21,21,48,48,48,48,48,48,48,48,48,48,48,48,48,48,48,48,57,57,57,57,57,57,57,57,57,57,57,57,57,57,57,57,66,66,66,66,66,66,66,66,66,66,66,66,66,66,66,66,75,75,75,75,75,75,75,75,75,75,75,75,75,75,75,75,75,75,75,75,75,75,75,75,75,75,75,75,75,75,75,75,75,75,75,
4,4,4,4,4,4,4,4,4,4,4,4,4,4,4,4,4,4,4,4,4,4,4,4,4,4,4,4,4,4,4,4,12,12,12,12,12,12,12,12,12,12,12,12,12,12,12,12,21,21,21,21,21,21,21,21,21,21,21,21,21,21,21,21,48,48,48,48,48,48,48,48,48,48,48,48,48,48,48,48,57,57,57,57,57,57,57,57,57,57,57,57,57,57,57,57,66,66,66,66,66,66,66,66,66,66,66,66,66,66,66,66,75,75,75,75,75,75,75,75,75,75,75,75,75,75,75,75,75,75,75,75,75,75,75,75,75,75,75,75,75,75,75,75,75,75,75,
4,4,4,4,4,4,4,4,4,4,4,4,4,4,4,4,4,4,4,4,4,4,4,4,4,4,4,4,4,4,4,4,12,12,12,12,12,12,12,12,12,12,12,12,12,12,12,12,21,21,21,21,21,21,21,21,21,21,21,21,21,21,21,21,48,48,48,48,48,48,48,48,48,48,48,48,48,48,48,48,57,57,57,57,57,57,57,57,57,57,57,57,57,57,57,57,66,66,66,66,66,66,66,66,66,66,66,66,66,66,66,66,75,75,75,75,75,75,75,75,75,75,75,75,75,75,75,75,75,75,75,75,75,75,75,75,75,75,75,75,75,75,75,75,75,75,75,
4,4,4,4,4,4,4,4,4,4,4,4,4,4,4,4,4,4,4,4,4,4,4,4,4,4,4,4,4,4,4,4,12,12,12,12,12,12,12,12,12,12,12,12,12,12,12,12,21,21,21,21,21,21,21,21,21,21,21,21,21,21,21,21,48,48,48,48,48,48,48,48,48,48,48,48,48,48,48,48,57,57,57,57,57,57,57,57,57,57,57,57,57,57,57,57,66,66,66,66,66,66,66,66,66,66,66,66,66,66,66,66,75,75,75,75,75,75,75,75,75,75,75,75,75,75,75,75,75,75,75,75,75,75,75,75,75,75,75,75,75,75,75,75,75,75,75,
4,4,4,4,4,4,4,4,4,4,4,4,4,4,4,4,4,4,4,4,4,4,4,4,4,4,4,4,4,4,4,4,12,12,12,12,12,12,12,12,12,12,12,12,12,12,12,12,21,21,21,21,21,21,21,21,21,21,21,21,21,21,21,21,48,48,48,48,48,48,48,48,48,48,48,48,48,48,48,48,57,57,57,57,57,57,57,57,57,57,57,57,57,57,57,57,66,66,66,66,66,66,66,66,66,66,66,66,66,66,66,66,75,75,75,75,75,75,75,75,75,75,75,75,75,75,75,75,75,75,75,75,75,75,75,75,75,75,75,75,75,75,75,75,75,75,75,
4,4,4,4,4,4,4,4,4,4,4,4,4,4,4,4,4,4,4,4,4,4,4,4,4,4,4,4,4,4,4,4,12,12,12,12,12,12,12,12,12,12,12,12,12,12,12,12,21,21,21,21,21,21,21,21,21,21,21,21,21,21,21,21,48,48,48,48,48,48,48,48,48,48,48,48,48,48,48,48,57,57,57,57,57,57,57,57,57,57,57,57,57,57,57,57,66,66,66,66,66,66,66,66,66,66,66,66,66,66,66,66,75,75,75,75,75,75,75,75,75,75,75,75,75,75,75,75,75,75,75,75,75,75,75,75,75,75,75,75,75,75,75,75,75,75,75,
4,4,4,4,4,4,4,4,4,4,4,4,4,4,4,4,4,4,4,4,4,4,4,4,4,4,4,4,4,4,4,4,12,12,12,12,12,12,12,12,12,12,12,12,12,12,12,12,21,21,21,21,21,21,21,21,21,21,21,21,21,21,21,21,48,48,48,48,48,48,48,48,48,48,48,48,48,48,48,48,57,57,57,57,57,57,57,57,57,57,57,57,57,57,57,57,66,66,66,66,66,66,66,66,66,66,66,66,66,66,66,66,75,75,75,75,75,75,75,75,75,75,75,75,75,75,75,75,75,75,75,75,75,75,75,75,75,75,75,75,75,75,75,75,75,75,75,
4,4,4,4,4,4,4,4,4,4,4,4,4,4,4,4,4,4,4,4,4,4,4,4,4,4,4,4,4,4,4,4,12,12,12,12,12,12,12,12,12,12,12,12,12,12,12,12,21,21,21,21,21,21,21,21,21,21,21,21,21,21,21,21,48,48,48,48,48,48,48,48,48,48,48,48,48,48,48,48,57,57,57,57,57,57,57,57,57,57,57,57,57,57,57,57,66,66,66,66,66,66,66,66,66,66,66,66,66,66,66,66,75,75,75,75,75,75,75,75,75,75,75,75,75,75,75,75,75,75,75,75,75,75,75,75,75,75,75,75,75,75,75,75,75,75,75,
4,4,4,4,4,4,4,4,4,4,4,4,4,4,4,4,4,4,4,4,4,4,4,4,4,4,4,4,4,4,4,4,12,12,12,12,12,12,12,12,12,12,12,12,12,12,12,12,21,21,21,21,21,21,21,21,21,21,21,21,21,21,21,21,48,48,48,48,48,48,48,48,48,48,48,48,48,48,48,48,57,57,57,57,57,57,57,57,57,57,57,57,57,57,57,57,66,66,66,66,66,66,66,66,66,66,66,66,66,66,66,66,75,75,75,75,75,75,75,75,75,75,75,75,75,75,75,75,75,75,75,75,75,75,75,75,75,75,75,75,75,75,75,75,75,75,75,
4,4,4,4,4,4,4,4,4,4,4,4,4,4,4,4,4,4,4,4,4,4,4,4,4,4,4,4,4,4,4,4,12,12,12,12,12,12,12,12,12,12,12,12,12,12,12,12,21,21,21,21,21,21,21,21,21,21,21,21,21,21,21,21,48,48,48,48,48,48,48,48,48,48,48,48,48,48,48,48,57,57,57,57,57,57,57,57,57,57,57,57,57,57,57,57,66,66,66,66,66,66,66,66,66,66,66,66,66,66,66,66,75,75,75,75,75,75,75,75,75,75,75,75,75,75,75,75,75,75,75,75,75,75,75,75,75,75,75,75,75,75,75,75,75,75,75,
4,4,4,4,4,4,4,4,4,4,4,4,4,4,4,4,4,4,4,4,4,4,4,4,4,4,4,4,4,4,4,4,12,12,12,12,12,12,12,12,12,12,12,12,12,12,12,12,21,21,21,21,21,21,21,21,21,21,21,21,21,21,21,21,48,48,48,48,48,48,48,48,48,48,48,48,48,48,48,48,57,57,57,57,57,57,57,57,57,57,57,57,57,57,57,57,66,66,66,66,66,66,66,66,66,66,66,66,66,66,66,66,75,75,75,75,75,75,75,75,75,75,75,75,75,75,75,75,75,75,75,75,75,75,75,75,75,75,75,75,75,75,75,75,75,75,75,
4,4,4,4,4,4,4,4,4,4,4,4,4,4,4,4,4,4,4,4,4,4,4,4,4,4,4,4,4,4,4,4,13,13,13,13,13,13,13,13,13,13,13,13,13,13,13,13,22,22,22,22,22,22,22,22,22,22,22,22,22,22,22,22,49,49,49,49,49,49,49,49,49,49,49,49,49,49,49,49,58,58,58,58,58,58,58,58,58,58,58,58,58,58,58,58,67,67,67,67,67,67,67,67,67,67,67,67,67,67,67,67,76,76,76,76,76,76,76,76,76,76,76,76,76,76,76,76,76,76,76,76,76,76,76,76,76,76,76,76,76,76,76,76,76,76,76,
5,5,5,5,5,5,5,5,5,5,5,5,5,5,5,5,5,5,5,5,5,5,5,5,5,5,5,5,5,5,5,5,13,13,13,13,13,13,13,13,13,13,13,13,13,13,13,13,22,22,22,22,22,22,22,22,22,22,22,22,22,22,22,22,49,49,49,49,49,49,49,49,49,49,49,49,49,49,49,49,58,58,58,58,58,58,58,58,58,58,58,58,58,58,58,58,67,67,67,67,67,67,67,67,67,67,67,67,67,67,67,67,76,76,76,76,76,76,76,76,76,76,76,76,76,76,76,76,76,76,76,76,76,76,76,76,76,76,76,76,76,76,76,76,76,76,76,
5,5,5,5,5,5,5,5,5,5,5,5,5,5,5,5,5,5,5,5,5,5,5,5,5,5,5,5,5,5,5,5,13,13,13,13,13,13,13,13,13,13,13,13,13,13,13,13,22,22,22,22,22,22,22,22,22,22,22,22,22,22,22,22,49,49,49,49,49,49,49,49,49,49,49,49,49,49,49,49,58,58,58,58,58,58,58,58,58,58,58,58,58,58,58,58,67,67,67,67,67,67,67,67,67,67,67,67,67,67,67,67,76,76,76,76,76,76,76,76,76,76,76,76,76,76,76,76,76,76,76,76,76,76,76,76,76,76,76,76,76,76,76,76,76,76,76,
5,5,5,5,5,5,5,5,5,5,5,5,5,5,5,5,5,5,5,5,5,5,5,5,5,5,5,5,5,5,5,5,13,13,13,13,13,13,13,13,13,13,13,13,13,13,13,13,22,22,22,22,22,22,22,22,22,22,22,22,22,22,22,22,49,49,49,49,49,49,49,49,49,49,49,49,49,49,49,49,58,58,58,58,58,58,58,58,58,58,58,58,58,58,58,58,67,67,67,67,67,67,67,67,67,67,67,67,67,67,67,67,76,76,76,76,76,76,76,76,76,76,76,76,76,76,76,76,76,76,76,76,76,76,76,76,76,76,76,76,76,76,76,76,76,76,76,
5,5,5,5,5,5,5,5,5,5,5,5,5,5,5,5,5,5,5,5,5,5,5,5,5,5,5,5,5,5,5,5,13,13,13,13,13,13,13,13,13,13,13,13,13,13,13,13,22,22,22,22,22,22,22,22,22,22,22,22,22,22,22,22,49,49,49,49,49,49,49,49,49,49,49,49,49,49,49,49,58,58,58,58,58,58,58,58,58,58,58,58,58,58,58,58,67,67,67,67,67,67,67,67,67,67,67,67,67,67,67,67,76,76,76,76,76,76,76,76,76,76,76,76,76,76,76,76,76,76,76,76,76,76,76,76,76,76,76,76,76,76,76,76,76,76,76,
5,5,5,5,5,5,5,5,5,5,5,5,5,5,5,5,5,5,5,5,5,5,5,5,5,5,5,5,5,5,5,5,13,13,13,13,13,13,13,13,13,13,13,13,13,13,13,13,22,22,22,22,22,22,22,22,22,22,22,22,22,22,22,22,49,49,49,49,49,49,49,49,49,49,49,49,49,49,49,49,58,58,58,58,58,58,58,58,58,58,58,58,58,58,58,58,67,67,67,67,67,67,67,67,67,67,67,67,67,67,67,67,76,76,76,76,76,76,76,76,76,76,76,76,76,76,76,76,76,76,76,76,76,76,76,76,76,76,76,76,76,76,76,76,76,76,76,
5,5,5,5,5,5,5,5,5,5,5,5,5,5,5,5,5,5,5,5,5,5,5,5,5,5,5,5,5,5,5,5,13,13,13,13,13,13,13,13,13,13,13,13,13,13,13,13,22,22,22,22,22,22,22,22,22,22,22,22,22,22,22,22,49,49,49,49,49,49,49,49,49,49,49,49,49,49,49,49,58,58,58,58,58,58,58,58,58,58,58,58,58,58,58,58,67,67,67,67,67,67,67,67,67,67,67,67,67,67,67,67,76,76,76,76,76,76,76,76,76,76,76,76,76,76,76,76,76,76,76,76,76,76,76,76,76,76,76,76,76,76,76,76,76,76,76,
5,5,5,5,5,5,5,5,5,5,5,5,5,5,5,5,5,5,5,5,5,5,5,5,5,5,5,5,5,5,5,5,13,13,13,13,13,13,13,13,13,13,13,13,13,13,13,13,22,22,22,22,22,22,22,22,22,22,22,22,22,22,22,22,49,49,49,49,49,49,49,49,49,49,49,49,49,49,49,49,58,58,58,58,58,58,58,58,58,58,58,58,58,58,58,58,67,67,67,67,67,67,67,67,67,67,67,67,67,67,67,67,76,76,76,76,76,76,76,76,76,76,76,76,76,76,76,76,76,76,76,76,76,76,76,76,76,76,76,76,76,76,76,76,76,76,76,
5,5,5,5,5,5,5,5,5,5,5,5,5,5,5,5,5,5,5,5,5,5,5,5,5,5,5,5,5,5,5,5,13,13,13,13,13,13,13,13,13,13,13,13,13,13,13,13,22,22,22,22,22,22,22,22,22,22,22,22,22,22,22,22,49,49,49,49,49,49,49,49,49,49,49,49,49,49,49,49,58,58,58,58,58,58,58,58,58,58,58,58,58,58,58,58,67,67,67,67,67,67,67,67,67,67,67,67,67,67,67,67,76,76,76,76,76,76,76,76,76,76,76,76,76,76,76,76,76,76,76,76,76,76,76,76,76,76,76,76,76,76,76,76,76,76,76,
5,5,5,5,5,5,5,5,5,5,5,5,5,5,5,5,5,5,5,5,5,5,5,5,5,5,5,5,5,5,5,5,13,13,13,13,13,13,13,13,13,13,13,13,13,13,13,13,22,22,22,22,22,22,22,22,22,22,22,22,22,22,22,22,49,49,49,49,49,49,49,49,49,49,49,49,49,49,49,49,58,58,58,58,58,58,58,58,58,58,58,58,58,58,58,58,67,67,67,67,67,67,67,67,67,67,67,67,67,67,67,67,76,76,76,76,76,76,76,76,76,76,76,76,76,76,76,76,76,76,76,76,76,76,76,76,76,76,76,76,76,76,76,76,76,76,76,
5,5,5,5,5,5,5,5,5,5,5,5,5,5,5,5,5,5,5,5,5,5,5,5,5,5,5,5,5,5,5,5,13,13,13,13,13,13,13,13,13,13,13,13,13,13,13,13,22,22,22,22,22,22,22,22,22,22,22,22,22,22,22,22,49,49,49,49,49,49,49,49,49,49,49,49,49,49,49,49,58,58,58,58,58,58,58,58,58,58,58,58,58,58,58,58,67,67,67,67,67,67,67,67,67,67,67,67,67,67,67,67,76,76,76,76,76,76,76,76,76,76,76,76,76,76,76,76,76,76,76,76,76,76,76,76,76,76,76,76,76,76,76,76,76,76,76,
5,5,5,5,5,5,5,5,5,5,5,5,5,5,5,5,5,5,5,5,5,5,5,5,5,5,5,5,5,5,5,5,13,13,13,13,13,13,13,13,13,13,13,13,13,13,13,13,22,22,22,22,22,22,22,22,22,22,22,22,22,22,22,22,49,49,49,49,49,49,49,49,49,49,49,49,49,49,49,49,58,58,58,58,58,58,58,58,58,58,58,58,58,58,58,58,67,67,67,67,67,67,67,67,67,67,67,67,67,67,67,67,76,76,76,76,76,76,76,76,76,76,76,76,76,76,76,76,76,76,76,76,76,76,76,76,76,76,76,76,76,76,76,76,76,76,76,
5,5,5,5,5,5,5,5,5,5,5,5,5,5,5,5,5,5,5,5,5,5,5,5,5,5,5,5,5,5,5,5,13,13,13,13,13,13,13,13,13,13,13,13,13,13,13,13,22,22,22,22,22,22,22,22,22,22,22,22,22,22,22,22,49,49,49,49,49,49,49,49,49,49,49,49,49,49,49,49,58,58,58,58,58,58,58,58,58,58,58,58,58,58,58,58,67,67,67,67,67,67,67,67,67,67,67,67,67,67,67,67,76,76,76,76,76,76,76,76,76,76,76,76,76,76,76,76,76,76,76,76,76,76,76,76,76,76,76,76,76,76,76,76,76,76,76,
5,5,5,5,5,5,5,5,5,5,5,5,5,5,5,5,5,5,5,5,5,5,5,5,5,5,5,5,5,5,5,5,13,13,13,13,13,13,13,13,13,13,13,13,13,13,13,13,22,22,22,22,22,22,22,22,22,22,22,22,22,22,22,22,49,49,49,49,49,49,49,49,49,49,49,49,49,49,49,49,58,58,58,58,58,58,58,58,58,58,58,58,58,58,58,58,67,67,67,67,67,67,67,67,67,67,67,67,67,67,67,67,76,76,76,76,76,76,76,76,76,76,76,76,76,76,76,76,76,76,76,76,76,76,76,76,76,76,76,76,76,76,76,76,76,76,76,
5,5,5,5,5,5,5,5,5,5,5,5,5,5,5,5,5,5,5,5,5,5,5,5,5,5,5,5,5,5,5,5,13,13,13,13,13,13,13,13,13,13,13,13,13,13,13,13,22,22,22,22,22,22,22,22,22,22,22,22,22,22,22,22,49,49,49,49,49,49,49,49,49,49,49,49,49,49,49,49,58,58,58,58,58,58,58,58,58,58,58,58,58,58,58,58,67,67,67,67,67,67,67,67,67,67,67,67,67,67,67,67,76,76,76,76,76,76,76,76,76,76,76,76,76,76,76,76,76,76,76,76,76,76,76,76,76,76,76,76,76,76,76,76,76,76,76,
5,5,5,5,5,5,5,5,5,5,5,5,5,5,5,5,5,5,5,5,5,5,5,5,5,5,5,5,5,5,5,5,13,13,13,13,13,13,13,13,13,13,13,13,13,13,13,13,22,22,22,22,22,22,22,22,22,22,22,22,22,22,22,22,49,49,49,49,49,49,49,49,49,49,49,49,49,49,49,49,58,58,58,58,58,58,58,58,58,58,58,58,58,58,58,58,67,67,67,67,67,67,67,67,67,67,67,67,67,67,67,67,76,76,76,76,76,76,76,76,76,76,76,76,76,76,76,76,76,76,76,76,76,76,76,76,76,76,76,76,76,76,76,76,76,76,76,
5,5,5,5,5,5,5,5,5,5,5,5,5,5,5,5,5,5,5,5,5,5,5,5,5,5,5,5,5,5,5,5,14,14,14,14,14,14,14,14,14,14,14,14,14,14,14,14,23,23,23,23,23,23,23,23,23,23,23,23,23,23,23,23,50,50,50,50,50,50,50,50,50,50,50,50,50,50,50,50,59,59,59,59,59,59,59,59,59,59,59,59,59,59,59,59,68,68,68,68,68,68,68,68,68,68,68,68,68,68,68,68,77,77,77,77,77,77,77,77,77,77,77,77,77,77,77,77,77,77,77,77,77,77,77,77,77,77,77,77,77,77,77,77,77,77,77,
6,6,6,6,6,6,6,6,6,6,6,6,6,6,6,6,6,6,6,6,6,6,6,6,6,6,6,6,6,6,6,6,14,14,14,14,14,14,14,14,14,14,14,14,14,14,14,14,23,23,23,23,23,23,23,23,23,23,23,23,23,23,23,23,50,50,50,50,50,50,50,50,50,50,50,50,50,50,50,50,59,59,59,59,59,59,59,59,59,59,59,59,59,59,59,59,68,68,68,68,68,68,68,68,68,68,68,68,68,68,68,68,77,77,77,77,77,77,77,77,77,77,77,77,77,77,77,77,77,77,77,77,77,77,77,77,77,77,77,77,77,77,77,77,77,77,77,
6,6,6,6,6,6,6,6,6,6,6,6,6,6,6,6,6,6,6,6,6,6,6,6,6,6,6,6,6,6,6,6,14,14,14,14,14,14,14,14,14,14,14,14,14,14,14,14,23,23,23,23,23,23,23,23,23,23,23,23,23,23,23,23,50,50,50,50,50,50,50,50,50,50,50,50,50,50,50,50,59,59,59,59,59,59,59,59,59,59,59,59,59,59,59,59,68,68,68,68,68,68,68,68,68,68,68,68,68,68,68,68,77,77,77,77,77,77,77,77,77,77,77,77,77,77,77,77,77,77,77,77,77,77,77,77,77,77,77,77,77,77,77,77,77,77,77,
6,6,6,6,6,6,6,6,6,6,6,6,6,6,6,6,6,6,6,6,6,6,6,6,6,6,6,6,6,6,6,6,14,14,14,14,14,14,14,14,14,14,14,14,14,14,14,14,23,23,23,23,23,23,23,23,23,23,23,23,23,23,23,23,50,50,50,50,50,50,50,50,50,50,50,50,50,50,50,50,59,59,59,59,59,59,59,59,59,59,59,59,59,59,59,59,68,68,68,68,68,68,68,68,68,68,68,68,68,68,68,68,77,77,77,77,77,77,77,77,77,77,77,77,77,77,77,77,77,77,77,77,77,77,77,77,77,77,77,77,77,77,77,77,77,77,77,
6,6,6,6,6,6,6,6,6,6,6,6,6,6,6,6,6,6,6,6,6,6,6,6,6,6,6,6,6,6,6,6,14,14,14,14,14,14,14,14,14,14,14,14,14,14,14,14,23,23,23,23,23,23,23,23,23,23,23,23,23,23,23,23,50,50,50,50,50,50,50,50,50,50,50,50,50,50,50,50,59,59,59,59,59,59,59,59,59,59,59,59,59,59,59,59,68,68,68,68,68,68,68,68,68,68,68,68,68,68,68,68,77,77,77,77,77,77,77,77,77,77,77,77,77,77,77,77,77,77,77,77,77,77,77,77,77,77,77,77,77,77,77,77,77,77,77,
6,6,6,6,6,6,6,6,6,6,6,6,6,6,6,6,6,6,6,6,6,6,6,6,6,6,6,6,6,6,6,6,14,14,14,14,14,14,14,14,14,14,14,14,14,14,14,14,23,23,23,23,23,23,23,23,23,23,23,23,23,23,23,23,50,50,50,50,50,50,50,50,50,50,50,50,50,50,50,50,59,59,59,59,59,59,59,59,59,59,59,59,59,59,59,59,68,68,68,68,68,68,68,68,68,68,68,68,68,68,68,68,77,77,77,77,77,77,77,77,77,77,77,77,77,77,77,77,77,77,77,77,77,77,77,77,77,77,77,77,77,77,77,77,77,77,77,
6,6,6,6,6,6,6,6,6,6,6,6,6,6,6,6,6,6,6,6,6,6,6,6,6,6,6,6,6,6,6,6,14,14,14,14,14,14,14,14,14,14,14,14,14,14,14,14,23,23,23,23,23,23,23,23,23,23,23,23,23,23,23,23,50,50,50,50,50,50,50,50,50,50,50,50,50,50,50,50,59,59,59,59,59,59,59,59,59,59,59,59,59,59,59,59,68,68,68,68,68,68,68,68,68,68,68,68,68,68,68,68,77,77,77,77,77,77,77,77,77,77,77,77,77,77,77,77,77,77,77,77,77,77,77,77,77,77,77,77,77,77,77,77,77,77,77,
6,6,6,6,6,6,6,6,6,6,6,6,6,6,6,6,6,6,6,6,6,6,6,6,6,6,6,6,6,6,6,6,14,14,14,14,14,14,14,14,14,14,14,14,14,14,14,14,23,23,23,23,23,23,23,23,23,23,23,23,23,23,23,23,50,50,50,50,50,50,50,50,50,50,50,50,50,50,50,50,59,59,59,59,59,59,59,59,59,59,59,59,59,59,59,59,68,68,68,68,68,68,68,68,68,68,68,68,68,68,68,68,77,77,77,77,77,77,77,77,77,77,77,77,77,77,77,77,77,77,77,77,77,77,77,77,77,77,77,77,77,77,77,77,77,77,77,
6,6,6,6,6,6,6,6,6,6,6,6,6,6,6,6,6,6,6,6,6,6,6,6,6,6,6,6,6,6,6,6,14,14,14,14,14,14,14,14,14,14,14,14,14,14,14,14,23,23,23,23,23,23,23,23,23,23,23,23,23,23,23,23,50,50,50,50,50,50,50,50,50,50,50,50,50,50,50,50,59,59,59,59,59,59,59,59,59,59,59,59,59,59,59,59,68,68,68,68,68,68,68,68,68,68,68,68,68,68,68,68,77,77,77,77,77,77,77,77,77,77,77,77,77,77,77,77,77,77,77,77,77,77,77,77,77,77,77,77,77,77,77,77,77,77,77,
6,6,6,6,6,6,6,6,6,6,6,6,6,6,6,6,6,6,6,6,6,6,6,6,6,6,6,6,6,6,6,6,14,14,14,14,14,14,14,14,14,14,14,14,14,14,14,14,23,23,23,23,23,23,23,23,23,23,23,23,23,23,23,23,50,50,50,50,50,50,50,50,50,50,50,50,50,50,50,50,59,59,59,59,59,59,59,59,59,59,59,59,59,59,59,59,68,68,68,68,68,68,68,68,68,68,68,68,68,68,68,68,77,77,77,77,77,77,77,77,77,77,77,77,77,77,77,77,77,77,77,77,77,77,77,77,77,77,77,77,77,77,77,77,77,77,77,
6,6,6,6,6,6,6,6,6,6,6,6,6,6,6,6,6,6,6,6,6,6,6,6,6,6,6,6,6,6,6,6,14,14,14,14,14,14,14,14,14,14,14,14,14,14,14,14,23,23,23,23,23,23,23,23,23,23,23,23,23,23,23,23,50,50,50,50,50,50,50,50,50,50,50,50,50,50,50,50,59,59,59,59,59,59,59,59,59,59,59,59,59,59,59,59,68,68,68,68,68,68,68,68,68,68,68,68,68,68,68,68,77,77,77,77,77,77,77,77,77,77,77,77,77,77,77,77,77,77,77,77,77,77,77,77,77,77,77,77,77,77,77,77,77,77,77,
6,6,6,6,6,6,6,6,6,6,6,6,6,6,6,6,6,6,6,6,6,6,6,6,6,6,6,6,6,6,6,6,14,14,14,14,14,14,14,14,14,14,14,14,14,14,14,14,23,23,23,23,23,23,23,23,23,23,23,23,23,23,23,23,50,50,50,50,50,50,50,50,50,50,50,50,50,50,50,50,59,59,59,59,59,59,59,59,59,59,59,59,59,59,59,59,68,68,68,68,68,68,68,68,68,68,68,68,68,68,68,68,77,77,77,77,77,77,77,77,77,77,77,77,77,77,77,77,77,77,77,77,77,77,77,77,77,77,77,77,77,77,77,77,77,77,77,
6,6,6,6,6,6,6,6,6,6,6,6,6,6,6,6,6,6,6,6,6,6,6,6,6,6,6,6,6,6,6,6,14,14,14,14,14,14,14,14,14,14,14,14,14,14,14,14,23,23,23,23,23,23,23,23,23,23,23,23,23,23,23,23,50,50,50,50,50,50,50,50,50,50,50,50,50,50,50,50,59,59,59,59,59,59,59,59,59,59,59,59,59,59,59,59,68,68,68,68,68,68,68,68,68,68,68,68,68,68,68,68,77,77,77,77,77,77,77,77,77,77,77,77,77,77,77,77,77,77,77,77,77,77,77,77,77,77,77,77,77,77,77,77,77,77,77,
6,6,6,6,6,6,6,6,6,6,6,6,6,6,6,6,6,6,6,6,6,6,6,6,6,6,6,6,6,6,6,6,14,14,14,14,14,14,14,14,14,14,14,14,14,14,14,14,23,23,23,23,23,23,23,23,23,23,23,23,23,23,23,23,50,50,50,50,50,50,50,50,50,50,50,50,50,50,50,50,59,59,59,59,59,59,59,59,59,59,59,59,59,59,59,59,68,68,68,68,68,68,68,68,68,68,68,68,68,68,68,68,77,77,77,77,77,77,77,77,77,77,77,77,77,77,77,77,77,77,77,77,77,77,77,77,77,77,77,77,77,77,77,77,77,77,77,
6,6,6,6,6,6,6,6,6,6,6,6,6,6,6,6,6,6,6,6,6,6,6,6,6,6,6,6,6,6,6,6,14,14,14,14,14,14,14,14,14,14,14,14,14,14,14,14,23,23,23,23,23,23,23,23,23,23,23,23,23,23,23,23,50,50,50,50,50,50,50,50,50,50,50,50,50,50,50,50,59,59,59,59,59,59,59,59,59,59,59,59,59,59,59,59,68,68,68,68,68,68,68,68,68,68,68,68,68,68,68,68,77,77,77,77,77,77,77,77,77,77,77,77,77,77,77,77,77,77,77,77,77,77,77,77,77,77,77,77,77,77,77,77,77,77,77,
6,6,6,6,6,6,6,6,6,6,6,6,6,6,6,6,6,6,6,6,6,6,6,6,6,6,6,6,6,6,6,6,14,14,14,14,14,14,14,14,14,14,14,14,14,14,14,14,23,23,23,23,23,23,23,23,23,23,23,23,23,23,23,23,50,50,50,50,50,50,50,50,50,50,50,50,50,50,50,50,59,59,59,59,59,59,59,59,59,59,59,59,59,59,59,59,68,68,68,68,68,68,68,68,68,68,68,68,68,68,68,68,77,77,77,77,77,77,77,77,77,77,77,77,77,77,77,77,77,77,77,77,77,77,77,77,77,77,77,77,77,77,77,77,77,77,77,
6,6,6,6,6,6,6,6,6,6,6,6,6,6,6,6,6,6,6,6,6,6,6,6,6,6,6,6,6,6,6,6,15,15,15,15,15,15,15,15,15,15,15,15,15,15,15,15,24,24,24,24,24,24,24,24,24,24,24,24,24,24,24,24,51,51,51,51,51,51,51,51,51,51,51,51,51,51,51,51,60,60,60,60,60,60,60,60,60,60,60,60,60,60,60,60,69,69,69,69,69,69,69,69,69,69,69,69,69,69,69,69,78,78,78,78,78,78,78,78,78,78,78,78,78,78,78,78,78,78,78,78,78,78,78,78,78,78,78,78,78,78,78,78,78,78,78,
7,7,7,7,7,7,7,7,7,7,7,7,7,7,7,7,7,7,7,7,7,7,7,7,7,7,7,7,7,7,7,7,15,15,15,15,15,15,15,15,15,15,15,15,15,15,15,15,24,24,24,24,24,24,24,24,24,24,24,24,24,24,24,24,51,51,51,51,51,51,51,51,51,51,51,51,51,51,51,51,60,60,60,60,60,60,60,60,60,60,60,60,60,60,60,60,69,69,69,69,69,69,69,69,69,69,69,69,69,69,69,69,78,78,78,78,78,78,78,78,78,78,78,78,78,78,78,78,78,78,78,78,78,78,78,78,78,78,78,78,78,78,78,78,78,78,78,
7,7,7,7,7,7,7,7,7,7,7,7,7,7,7,7,7,7,7,7,7,7,7,7,7,7,7,7,7,7,7,7,15,15,15,15,15,15,15,15,15,15,15,15,15,15,15,15,24,24,24,24,24,24,24,24,24,24,24,24,24,24,24,24,51,51,51,51,51,51,51,51,51,51,51,51,51,51,51,51,60,60,60,60,60,60,60,60,60,60,60,60,60,60,60,60,69,69,69,69,69,69,69,69,69,69,69,69,69,69,69,69,78,78,78,78,78,78,78,78,78,78,78,78,78,78,78,78,78,78,78,78,78,78,78,78,78,78,78,78,78,78,78,78,78,78,78,
7,7,7,7,7,7,7,7,7,7,7,7,7,7,7,7,7,7,7,7,7,7,7,7,7,7,7,7,7,7,7,7,15,15,15,15,15,15,15,15,15,15,15,15,15,15,15,15,24,24,24,24,24,24,24,24,24,24,24,24,24,24,24,24,51,51,51,51,51,51,51,51,51,51,51,51,51,51,51,51,60,60,60,60,60,60,60,60,60,60,60,60,60,60,60,60,69,69,69,69,69,69,69,69,69,69,69,69,69,69,69,69,78,78,78,78,78,78,78,78,78,78,78,78,78,78,78,78,78,78,78,78,78,78,78,78,78,78,78,78,78,78,78,78,78,78,78,
7,7,7,7,7,7,7,7,7,7,7,7,7,7,7,7,7,7,7,7,7,7,7,7,7,7,7,7,7,7,7,7,15,15,15,15,15,15,15,15,15,15,15,15,15,15,15,15,24,24,24,24,24,24,24,24,24,24,24,24,24,24,24,24,51,51,51,51,51,51,51,51,51,51,51,51,51,51,51,51,60,60,60,60,60,60,60,60,60,60,60,60,60,60,60,60,69,69,69,69,69,69,69,69,69,69,69,69,69,69,69,69,78,78,78,78,78,78,78,78,78,78,78,78,78,78,78,78,78,78,78,78,78,78,78,78,78,78,78,78,78,78,78,78,78,78,78,
7,7,7,7,7,7,7,7,7,7,7,7,7,7,7,7,7,7,7,7,7,7,7,7,7,7,7,7,7,7,7,7,15,15,15,15,15,15,15,15,15,15,15,15,15,15,15,15,24,24,24,24,24,24,24,24,24,24,24,24,24,24,24,24,51,51,51,51,51,51,51,51,51,51,51,51,51,51,51,51,60,60,60,60,60,60,60,60,60,60,60,60,60,60,60,60,69,69,69,69,69,69,69,69,69,69,69,69,69,69,69,69,78,78,78,78,78,78,78,78,78,78,78,78,78,78,78,78,78,78,78,78,78,78,78,78,78,78,78,78,78,78,78,78,78,78,78,
7,7,7,7,7,7,7,7,7,7,7,7,7,7,7,7,7,7,7,7,7,7,7,7,7,7,7,7,7,7,7,7,15,15,15,15,15,15,15,15,15,15,15,15,15,15,15,15,24,24,24,24,24,24,24,24,24,24,24,24,24,24,24,24,51,51,51,51,51,51,51,51,51,51,51,51,51,51,51,51,60,60,60,60,60,60,60,60,60,60,60,60,60,60,60,60,69,69,69,69,69,69,69,69,69,69,69,69,69,69,69,69,78,78,78,78,78,78,78,78,78,78,78,78,78,78,78,78,78,78,78,78,78,78,78,78,78,78,78,78,78,78,78,78,78,78,78,
7,7,7,7,7,7,7,7,7,7,7,7,7,7,7,7,7,7,7,7,7,7,7,7,7,7,7,7,7,7,7,7,15,15,15,15,15,15,15,15,15,15,15,15,15,15,15,15,24,24,24,24,24,24,24,24,24,24,24,24,24,24,24,24,51,51,51,51,51,51,51,51,51,51,51,51,51,51,51,51,60,60,60,60,60,60,60,60,60,60,60,60,60,60,60,60,69,69,69,69,69,69,69,69,69,69,69,69,69,69,69,69,78,78,78,78,78,78,78,78,78,78,78,78,78,78,78,78,78,78,78,78,78,78,78,78,78,78,78,78,78,78,78,78,78,78,78,
7,7,7,7,7,7,7,7,7,7,7,7,7,7,7,7,7,7,7,7,7,7,7,7,7,7,7,7,7,7,7,7,15,15,15,15,15,15,15,15,15,15,15,15,15,15,15,15,24,24,24,24,24,24,24,24,24,24,24,24,24,24,24,24,51,51,51,51,51,51,51,51,51,51,51,51,51,51,51,51,60,60,60,60,60,60,60,60,60,60,60,60,60,60,60,60,69,69,69,69,69,69,69,69,69,69,69,69,69,69,69,69,78,78,78,78,78,78,78,78,78,78,78,78,78,78,78,78,78,78,78,78,78,78,78,78,78,78,78,78,78,78,78,78,78,78,78,
7,7,7,7,7,7,7,7,7,7,7,7,7,7,7,7,7,7,7,7,7,7,7,7,7,7,7,7,7,7,7,7,15,15,15,15,15,15,15,15,15,15,15,15,15,15,15,15,24,24,24,24,24,24,24,24,24,24,24,24,24,24,24,24,51,51,51,51,51,51,51,51,51,51,51,51,51,51,51,51,60,60,60,60,60,60,60,60,60,60,60,60,60,60,60,60,69,69,69,69,69,69,69,69,69,69,69,69,69,69,69,69,78,78,78,78,78,78,78,78,78,78,78,78,78,78,78,78,78,78,78,78,78,78,78,78,78,78,78,78,78,78,78,78,78,78,78,
7,7,7,7,7,7,7,7,7,7,7,7,7,7,7,7,7,7,7,7,7,7,7,7,7,7,7,7,7,7,7,7,15,15,15,15,15,15,15,15,15,15,15,15,15,15,15,15,24,24,24,24,24,24,24,24,24,24,24,24,24,24,24,24,51,51,51,51,51,51,51,51,51,51,51,51,51,51,51,51,60,60,60,60,60,60,60,60,60,60,60,60,60,60,60,60,69,69,69,69,69,69,69,69,69,69,69,69,69,69,69,69,78,78,78,78,78,78,78,78,78,78,78,78,78,78,78,78,78,78,78,78,78,78,78,78,78,78,78,78,78,78,78,78,78,78,78,
7,7,7,7,7,7,7,7,7,7,7,7,7,7,7,7,7,7,7,7,7,7,7,7,7,7,7,7,7,7,7,7,15,15,15,15,15,15,15,15,15,15,15,15,15,15,15,15,24,24,24,24,24,24,24,24,24,24,24,24,24,24,24,24,51,51,51,51,51,51,51,51,51,51,51,51,51,51,51,51,60,60,60,60,60,60,60,60,60,60,60,60,60,60,60,60,69,69,69,69,69,69,69,69,69,69,69,69,69,69,69,69,78,78,78,78,78,78,78,78,78,78,78,78,78,78,78,78,78,78,78,78,78,78,78,78,78,78,78,78,78,78,78,78,78,78,78,
7,7,7,7,7,7,7,7,7,7,7,7,7,7,7,7,7,7,7,7,7,7,7,7,7,7,7,7,7,7,7,7,15,15,15,15,15,15,15,15,15,15,15,15,15,15,15,15,24,24,24,24,24,24,24,24,24,24,24,24,24,24,24,24,51,51,51,51,51,51,51,51,51,51,51,51,51,51,51,51,60,60,60,60,60,60,60,60,60,60,60,60,60,60,60,60,69,69,69,69,69,69,69,69,69,69,69,69,69,69,69,69,78,78,78,78,78,78,78,78,78,78,78,78,78,78,78,78,78,78,78,78,78,78,78,78,78,78,78,78,78,78,78,78,78,78,78,
7,7,7,7,7,7,7,7,7,7,7,7,7,7,7,7,7,7,7,7,7,7,7,7,7,7,7,7,7,7,7,7,15,15,15,15,15,15,15,15,15,15,15,15,15,15,15,15,24,24,24,24,24,24,24,24,24,24,24,24,24,24,24,24,51,51,51,51,51,51,51,51,51,51,51,51,51,51,51,51,60,60,60,60,60,60,60,60,60,60,60,60,60,60,60,60,69,69,69,69,69,69,69,69,69,69,69,69,69,69,69,69,78,78,78,78,78,78,78,78,78,78,78,78,78,78,78,78,78,78,78,78,78,78,78,78,78,78,78,78,78,78,78,78,78,78,78,
7,7,7,7,7,7,7,7,7,7,7,7,7,7,7,7,7,7,7,7,7,7,7,7,7,7,7,7,7,7,7,7,15,15,15,15,15,15,15,15,15,15,15,15,15,15,15,15,24,24,24,24,24,24,24,24,24,24,24,24,24,24,24,24,51,51,51,51,51,51,51,51,51,51,51,51,51,51,51,51,60,60,60,60,60,60,60,60,60,60,60,60,60,60,60,60,69,69,69,69,69,69,69,69,69,69,69,69,69,69,69,69,78,78,78,78,78,78,78,78,78,78,78,78,78,78,78,78,78,78,78,78,78,78,78,78,78,78,78,78,78,78,78,78,78,78,78,
7,7,7,7,7,7,7,7,7,7,7,7,7,7,7,7,7,7,7,7,7,7,7,7,7,7,7,7,7,7,7,7,15,15,15,15,15,15,15,15,15,15,15,15,15,15,15,15,24,24,24,24,24,24,24,24,24,24,24,24,24,24,24,24,51,51,51,51,51,51,51,51,51,51,51,51,51,51,51,51,60,60,60,60,60,60,60,60,60,60,60,60,60,60,60,60,69,69,69,69,69,69,69,69,69,69,69,69,69,69,69,69,78,78,78,78,78,78,78,78,78,78,78,78,78,78,78,78,78,78,78,78,78,78,78,78,78,78,78,78,78,78,78,78,78,78,78,
7,7,7,7,7,7,7,7,7,7,7,7,7,7,7,7,7,7,7,7,7,7,7,7,7,7,7,7,7,7,7,7,16,16,16,16,16,16,16,16,16,16,16,16,16,16,16,16,25,25,25,25,25,25,25,25,25,25,25,25,25,25,25,25,52,52,52,52,52,52,52,52,52,52,52,52,52,52,52,52,61,61,61,61,61,61,61,61,61,61,61,61,61,61,61,61,70,70,70,70,70,70,70,70,70,70,70,70,70,70,70,70,79,79,79,79,79,79,79,79,79,79,79,79,79,79,79,79,79,79,79,79,79,79,79,79,79,79,79,79,79,79,79,79,79,79,79,
8,8,8,8,8,8,8,8,8,8,8,8,8,8,8,8,8,8,8,8,8,8,8,8,8,8,8,8,8,8,8,8,16,16,16,16,16,16,16,16,16,16,16,16,16,16,16,16,25,25,25,25,25,25,25,25,25,25,25,25,25,25,25,25,52,52,52,52,52,52,52,52,52,52,52,52,52,52,52,52,61,61,61,61,61,61,61,61,61,61,61,61,61,61,61,61,70,70,70,70,70,70,70,70,70,70,70,70,70,70,70,70,79,79,79,79,79,79,79,79,79,79,79,79,79,79,79,79,79,79,79,79,79,79,79,79,79,79,79,79,79,79,79,79,79,79,79,
8,8,8,8,8,8,8,8,8,8,8,8,8,8,8,8,8,8,8,8,8,8,8,8,8,8,8,8,8,8,8,8,16,16,16,16,16,16,16,16,16,16,16,16,16,16,16,16,25,25,25,25,25,25,25,25,25,25,25,25,25,25,25,25,52,52,52,52,52,52,52,52,52,52,52,52,52,52,52,52,61,61,61,61,61,61,61,61,61,61,61,61,61,61,61,61,70,70,70,70,70,70,70,70,70,70,70,70,70,70,70,70,79,79,79,79,79,79,79,79,79,79,79,79,79,79,79,79,79,79,79,79,79,79,79,79,79,79,79,79,79,79,79,79,79,79,79,
8,8,8,8,8,8,8,8,8,8,8,8,8,8,8,8,8,8,8,8,8,8,8,8,8,8,8,8,8,8,8,8,16,16,16,16,16,16,16,16,16,16,16,16,16,16,16,16,25,25,25,25,25,25,25,25,25,25,25,25,25,25,25,25,52,52,52,52,52,52,52,52,52,52,52,52,52,52,52,52,61,61,61,61,61,61,61,61,61,61,61,61,61,61,61,61,70,70,70,70,70,70,70,70,70,70,70,70,70,70,70,70,79,79,79,79,79,79,79,79,79,79,79,79,79,79,79,79,79,79,79,79,79,79,79,79,79,79,79,79,79,79,79,79,79,79,79,
8,8,8,8,8,8,8,8,8,8,8,8,8,8,8,8,8,8,8,8,8,8,8,8,8,8,8,8,8,8,8,8,16,16,16,16,16,16,16,16,16,16,16,16,16,16,16,16,25,25,25,25,25,25,25,25,25,25,25,25,25,25,25,25,52,52,52,52,52,52,52,52,52,52,52,52,52,52,52,52,61,61,61,61,61,61,61,61,61,61,61,61,61,61,61,61,70,70,70,70,70,70,70,70,70,70,70,70,70,70,70,70,79,79,79,79,79,79,79,79,79,79,79,79,79,79,79,79,79,79,79,79,79,79,79,79,79,79,79,79,79,79,79,79,79,79,79,
8,8,8,8,8,8,8,8,8,8,8,8,8,8,8,8,8,8,8,8,8,8,8,8,8,8,8,8,8,8,8,8,16,16,16,16,16,16,16,16,16,16,16,16,16,16,16,16,25,25,25,25,25,25,25,25,25,25,25,25,25,25,25,25,52,52,52,52,52,52,52,52,52,52,52,52,52,52,52,52,61,61,61,61,61,61,61,61,61,61,61,61,61,61,61,61,70,70,70,70,70,70,70,70,70,70,70,70,70,70,70,70,79,79,79,79,79,79,79,79,79,79,79,79,79,79,79,79,79,79,79,79,79,79,79,79,79,79,79,79,79,79,79,79,79,79,79,
8,8,8,8,8,8,8,8,8,8,8,8,8,8,8,8,8,8,8,8,8,8,8,8,8,8,8,8,8,8,8,8,16,16,16,16,16,16,16,16,16,16,16,16,16,16,16,16,25,25,25,25,25,25,25,25,25,25,25,25,25,25,25,25,52,52,52,52,52,52,52,52,52,52,52,52,52,52,52,52,61,61,61,61,61,61,61,61,61,61,61,61,61,61,61,61,70,70,70,70,70,70,70,70,70,70,70,70,70,70,70,70,79,79,79,79,79,79,79,79,79,79,79,79,79,79,79,79,79,79,79,79,79,79,79,79,79,79,79,79,79,79,79,79,79,79,79,
8,8,8,8,8,8,8,8,8,8,8,8,8,8,8,8,8,8,8,8,8,8,8,8,8,8,8,8,8,8,8,8,16,16,16,16,16,16,16,16,16,16,16,16,16,16,16,16,25,25,25,25,25,25,25,25,25,25,25,25,25,25,25,25,52,52,52,52,52,52,52,52,52,52,52,52,52,52,52,52,61,61,61,61,61,61,61,61,61,61,61,61,61,61,61,61,70,70,70,70,70,70,70,70,70,70,70,70,70,70,70,70,79,79,79,79,79,79,79,79,79,79,79,79,79,79,79,79,79,79,79,79,79,79,79,79,79,79,79,79,79,79,79,79,79,79,79,
8,8,8,8,8,8,8,8,8,8,8,8,8,8,8,8,8,8,8,8,8,8,8,8,8,8,8,8,8,8,8,8,16,16,16,16,16,16,16,16,16,16,16,16,16,16,16,16,25,25,25,25,25,25,25,25,25,25,25,25,25,25,25,25,52,52,52,52,52,52,52,52,52,52,52,52,52,52,52,52,61,61,61,61,61,61,61,61,61,61,61,61,61,61,61,61,70,70,70,70,70,70,70,70,70,70,70,70,70,70,70,70,79,79,79,79,79,79,79,79,79,79,79,79,79,79,79,79,79,79,79,79,79,79,79,79,79,79,79,79,79,79,79,79,79,79,79,
8,8,8,8,8,8,8,8,8,8,8,8,8,8,8,8,8,8,8,8,8,8,8,8,8,8,8,8,8,8,8,8,16,16,16,16,16,16,16,16,16,16,16,16,16,16,16,16,25,25,25,25,25,25,25,25,25,25,25,25,25,25,25,25,52,52,52,52,52,52,52,52,52,52,52,52,52,52,52,52,61,61,61,61,61,61,61,61,61,61,61,61,61,61,61,61,70,70,70,70,70,70,70,70,70,70,70,70,70,70,70,70,79,79,79,79,79,79,79,79,79,79,79,79,79,79,79,79,79,79,79,79,79,79,79,79,79,79,79,79,79,79,79,79,79,79,79,
8,8,8,8,8,8,8,8,8,8,8,8,8,8,8,8,8,8,8,8,8,8,8,8,8,8,8,8,8,8,8,8,16,16,16,16,16,16,16,16,16,16,16,16,16,16,16,16,25,25,25,25,25,25,25,25,25,25,25,25,25,25,25,25,52,52,52,52,52,52,52,52,52,52,52,52,52,52,52,52,61,61,61,61,61,61,61,61,61,61,61,61,61,61,61,61,70,70,70,70,70,70,70,70,70,70,70,70,70,70,70,70,79,79,79,79,79,79,79,79,79,79,79,79,79,79,79,79,79,79,79,79,79,79,79,79,79,79,79,79,79,79,79,79,79,79,79,
8,8,8,8,8,8,8,8,8,8,8,8,8,8,8,8,8,8,8,8,8,8,8,8,8,8,8,8,8,8,8,8,16,16,16,16,16,16,16,16,16,16,16,16,16,16,16,16,25,25,25,25,25,25,25,25,25,25,25,25,25,25,25,25,52,52,52,52,52,52,52,52,52,52,52,52,52,52,52,52,61,61,61,61,61,61,61,61,61,61,61,61,61,61,61,61,70,70,70,70,70,70,70,70,70,70,70,70,70,70,70,70,79,79,79,79,79,79,79,79,79,79,79,79,79,79,79,79,79,79,79,79,79,79,79,79,79,79,79,79,79,79,79,79,79,79,79,
8,8,8,8,8,8,8,8,8,8,8,8,8,8,8,8,8,8,8,8,8,8,8,8,8,8,8,8,8,8,8,8,16,16,16,16,16,16,16,16,16,16,16,16,16,16,16,16,25,25,25,25,25,25,25,25,25,25,25,25,25,25,25,25,52,52,52,52,52,52,52,52,52,52,52,52,52,52,52,52,61,61,61,61,61,61,61,61,61,61,61,61,61,61,61,61,70,70,70,70,70,70,70,70,70,70,70,70,70,70,70,70,79,79,79,79,79,79,79,79,79,79,79,79,79,79,79,79,79,79,79,79,79,79,79,79,79,79,79,79,79,79,79,79,79,79,79,
8,8,8,8,8,8,8,8,8,8,8,8,8,8,8,8,8,8,8,8,8,8,8,8,8,8,8,8,8,8,8,8,16,16,16,16,16,16,16,16,16,16,16,16,16,16,16,16,25,25,25,25,25,25,25,25,25,25,25,25,25,25,25,25,52,52,52,52,52,52,52,52,52,52,52,52,52,52,52,52,61,61,61,61,61,61,61,61,61,61,61,61,61,61,61,61,70,70,70,70,70,70,70,70,70,70,70,70,70,70,70,70,79,79,79,79,79,79,79,79,79,79,79,79,79,79,79,79,79,79,79,79,79,79,79,79,79,79,79,79,79,79,79,79,79,79,79,
8,8,8,8,8,8,8,8,8,8,8,8,8,8,8,8,8,8,8,8,8,8,8,8,8,8,8,8,8,8,8,8,16,16,16,16,16,16,16,16,16,16,16,16,16,16,16,16,25,25,25,25,25,25,25,25,25,25,25,25,25,25,25,25,52,52,52,52,52,52,52,52,52,52,52,52,52,52,52,52,61,61,61,61,61,61,61,61,61,61,61,61,61,61,61,61,70,70,70,70,70,70,70,70,70,70,70,70,70,70,70,70,79,79,79,79,79,79,79,79,79,79,79,79,79,79,79,79,79,79,79,79,79,79,79,79,79,79,79,79,79,79,79,79,79,79,79,
8,8,8,8,8,8,8,8,8,8,8,8,8,8,8,8,8,8,8,8,8,8,8,8,8,8,8,8,8,8,8,8,16,16,16,16,16,16,16,16,16,16,16,16,16,16,16,16,25,25,25,25,25,25,25,25,25,25,25,25,25,25,25,25,52,52,52,52,52,52,52,52,52,52,52,52,52,52,52,52,61,61,61,61,61,61,61,61,61,61,61,61,61,61,61,61,70,70,70,70,70,70,70,70,70,70,70,70,70,70,70,70,79,79,79,79,79,79,79,79,79,79,79,79,79,79,79,79,79,79,79,79,79,79,79,79,79,79,79,79,79,79,79,79,79,79,79,
8,8,8,8,8,8,8,8,8,8,8,8,8,8,8,8,8,8,8,8,8,8,8,8,8,8,8,8,8,8,8,8,17,17,17,17,17,17,17,17,17,17,17,17,17,17,17,17,26,26,26,26,26,26,26,26,26,26,26,26,26,26,26,26,53,53,53,53,53,53,53,53,53,53,53,53,53,53,53,53,62,62,62,62,62,62,62,62,62,62,62,62,62,62,62,62,71,71,71,71,71,71,71,71,71,71,71,71,71,71,71,71,80,80,80,80,80,80,80,80,80,80,80,80,80,80,80,80,80,80,80,80,80,80,80,80,80,80,80,80,80,80,80,80,80,80,80,
8,8,8,8,8,8,8,8,8,8,8,8,8,8,8,8,8,8,8,8,8,8,8,8,8,8,8,8,8,8,8,8,17,17,17,17,17,17,17,17,17,17,17,17,17,17,17,17,26,26,26,26,26,26,26,26,26,26,26,26,26,26,26,26,53,53,53,53,53,53,53,53,53,53,53,53,53,53,53,53,62,62,62,62,62,62,62,62,62,62,62,62,62,62,62,62,71,71,71,71,71,71,71,71,71,71,71,71,71,71,71,71,80,80,80,80,80,80,80,80,80,80,80,80,80,80,80,80,80,80,80,80,80,80,80,80,80,80,80,80,80,80,80,80,80,80,80,
8,8,8,8,8,8,8,8,8,8,8,8,8,8,8,8,8,8,8,8,8,8,8,8,8,8,8,8,8,8,8,8,17,17,17,17,17,17,17,17,17,17,17,17,17,17,17,17,26,26,26,26,26,26,26,26,26,26,26,26,26,26,26,26,53,53,53,53,53,53,53,53,53,53,53,53,53,53,53,53,62,62,62,62,62,62,62,62,62,62,62,62,62,62,62,62,71,71,71,71,71,71,71,71,71,71,71,71,71,71,71,71,80,80,80,80,80,80,80,80,80,80,80,80,80,80,80,80,80,80,80,80,80,80,80,80,80,80,80,80,80,80,80,80,80,80,80,
8,8,8,8,8,8,8,8,8,8,8,8,8,8,8,8,8,8,8,8,8,8,8,8,8,8,8,8,8,8,8,8,17,17,17,17,17,17,17,17,17,17,17,17,17,17,17,17,26,26,26,26,26,26,26,26,26,26,26,26,26,26,26,26,53,53,53,53,53,53,53,53,53,53,53,53,53,53,53,53,62,62,62,62,62,62,62,62,62,62,62,62,62,62,62,62,71,71,71,71,71,71,71,71,71,71,71,71,71,71,71,71,80,80,80,80,80,80,80,80,80,80,80,80,80,80,80,80,80,80,80,80,80,80,80,80,80,80,80,80,80,80,80,80,80,80,80,
8,8,8,8,8,8,8,8,8,8,8,8,8,8,8,8,8,8,8,8,8,8,8,8,8,8,8,8,8,8,8,8,17,17,17,17,17,17,17,17,17,17,17,17,17,17,17,17,26,26,26,26,26,26,26,26,26,26,26,26,26,26,26,26,53,53,53,53,53,53,53,53,53,53,53,53,53,53,53,53,62,62,62,62,62,62,62,62,62,62,62,62,62,62,62,62,71,71,71,71,71,71,71,71,71,71,71,71,71,71,71,71,80,80,80,80,80,80,80,80,80,80,80,80,80,80,80,80,80,80,80,80,80,80,80,80,80,80,80,80,80,80,80,80,80,80,80,
8,8,8,8,8,8,8,8,8,8,8,8,8,8,8,8,8,8,8,8,8,8,8,8,8,8,8,8,8,8,8,8,17,17,17,17,17,17,17,17,17,17,17,17,17,17,17,17,26,26,26,26,26,26,26,26,26,26,26,26,26,26,26,26,53,53,53,53,53,53,53,53,53,53,53,53,53,53,53,53,62,62,62,62,62,62,62,62,62,62,62,62,62,62,62,62,71,71,71,71,71,71,71,71,71,71,71,71,71,71,71,71,80,80,80,80,80,80,80,80,80,80,80,80,80,80,80,80,80,80,80,80,80,80,80,80,80,80,80,80,80,80,80,80,80,80,80,
